# Ni0                  T
       1         0.54306556
      28         3.22424095
      57         5.45744968
      85         5.52046764
     114         4.92501686
     143         5.69606308
     171         4.94903510
     200         5.31957029
     229         5.26293252
     257         5.18547740
     286         4.94722470
     315         5.94425399
     343         7.08652015
     372         7.12002739
     401         5.93714433
     429         5.91373585
     458         6.02556949
     487         7.02839032
     515         7.53762042
     544         7.59950524
     573         7.51257381
     601         5.99394950
     630         5.48310863
     659         7.31288746
     687         8.37287559
     716        10.98093817
     745         6.33516628
     773         6.50393806
     802         8.82171421
     831         6.89378945
     859         9.94132638
     888         7.04315636
     917         6.98042554
     945         6.15508543
     974         7.00509804
    1003         6.79737442
    1031         7.83459517
    1060         7.66683706
    1089         7.00296792
    1117         6.65795418
    1146         8.39307440
    1175         8.09687415
    1203         7.98864840
    1232         7.89893562
    1261         7.34704920
    1289         7.10399387
    1318         7.76624930
    1347         8.46396341
    1375         8.29211728
    1404         7.53283923
    1433         6.87451008
    1461        10.00403407
    1490         8.18545118
    1518        10.37857544
    1547         6.53911042
    1576         7.83726217
    1604         7.42974588
    1633         8.10300780
    1662         6.66110263
    1690         7.94971303
    1719         8.34038641
    1748         9.29362437
    1776        11.77893212
    1805         7.29547368
    1834         8.41901698
    1862         8.48177689
    1891         7.34006454
    1920         8.13056349
    1948         6.33090528
    1977         7.16697903
    2006         8.89706848
    2034         7.31141529
    2063         7.28207171
    2092         7.91632997
    2120         8.72501229
    2149         8.24985959
    2178         8.66682861
    2206         9.27420312
    2235         6.68102001
    2264         7.06449118
    2292        10.11159382
    2321         9.73642299
    2350         9.52223869
    2378         8.44311342
    2407         8.77075947
    2436         8.95032361
    2464         8.93191827
    2493        11.26735940
    2522        10.49739208
    2550         8.08399387
    2579         9.61623702
    2608         8.54641098
    2636         8.06258006
    2665         6.46842352
    2694        11.26179047
    2722         6.91584071
    2751         8.24877403
    2780         8.91764966
    2808         7.91740932
    2837         7.83356083
