# Ni0                  T
       1         0.25316540
      28         2.57384456
      57         6.34649257
      85         5.18538466
     114         4.27454195
     143         9.80046201
     171         7.39376800
     200         9.14604811
     229         4.71838393
     257         5.05463966
     286         5.55901563
     315         5.60028461
     343         6.28120728
     372         6.87068807
     401         8.12163629
     429         7.96534961
     458         5.46927956
     487         8.74500743
     515         6.61183457
     544         6.63050310
     573        10.45920583
     601         5.86822413
     630         7.81197176
     659         6.80462454
     687         7.22271772
     716         6.30292989
     745         8.59894522
     773         8.24129979
     802         7.06267451
     831         9.73207714
     859         7.45709835
     888         8.28618319
     917         6.61889322
     945         7.62950913
     974         6.64652138
    1003         8.59772225
    1031         7.32974050
    1060         6.71492977
    1089         8.48422318
    1117         5.68930863
    1146         8.39922016
    1175         6.69312345
    1203         6.99302798
    1232         8.05854370
    1261         7.18743489
    1289         8.98155311
    1318         6.42669043
    1347         8.11135832
    1375        10.33378434
    1404         8.21061678
    1433         7.10861114
    1461         8.49640354
    1490         8.42077133
    1518         9.43596427
    1547         7.72098094
    1576         7.35027111
    1604         8.12672677
    1633         8.23258934
    1662         7.07029130
    1690         6.31402930
    1719        10.00094914
    1748         6.70141065
    1776         7.58437710
    1805         8.02328940
    1834         8.57299936
    1862         7.71557196
    1891         8.12391704
    1920        10.42647121
    1948         9.40901035
    1977         8.77649851
    2006         7.51300760
    2034         6.88237325
    2063         8.71403931
    2092        12.03574607
    2120         7.72719210
    2149        10.36431252
    2178         6.81467802
    2206         7.02336580
    2235         8.49426323
    2264         7.23938338
    2292         8.88322422
    2321         6.61344230
    2350         8.41044012
    2378         7.60224114
    2407        10.37731878
    2436         8.62812730
    2464         7.16896876
    2493         8.86643221
    2522        10.89760556
    2550         8.98831867
    2579         9.37325191
    2608         8.41265170
    2636         6.12772376
    2665         8.36576834
    2694         8.46498241
    2722         7.92166165
    2751         7.26177813
    2780         7.85277525
    2808        12.31978687
    2837         8.85194803
