# Ni0                  T
       1         1.73797084
      28         3.12072449
      57         4.46436693
      85         4.41118927
     114         6.04060666
     143         7.31739361
     171         6.15068087
     200         5.11663421
     229         5.32830395
     257        11.55442460
     286         6.23143313
     315         6.58827054
     343         5.89458909
     372         6.68228084
     401         6.58601151
     429         7.22832950
     458         7.71149236
     487         8.44653518
     515         7.28624015
     544        10.46885488
     573         7.78878899
     601         8.43789399
     630         9.52596014
     659         8.09121743
     687         7.84819027
     716         8.86238094
     745         7.79544966
     773         8.21396443
     802         7.29748398
     831         9.56473386
     859        10.79770877
     888         9.65080477
     917         7.80059350
     945         8.02822447
     974         8.82849591
    1003         8.55262803
    1031        16.45455461
    1060        12.54718782
    1089        11.86014728
    1117         8.42787354
    1146        10.54463016
    1175        11.22142438
    1203        15.23392042
    1232        15.35849133
    1261        10.07126744
    1289        11.19530517
    1318         6.58183435
    1347         9.71751837
    1375         8.39996427
    1404         7.91724140
    1433        14.44416152
    1461        10.31068785
    1490         8.35668048
    1518         9.33314028
    1547        10.42493450
    1576        11.31196444
    1604        11.80352851
    1633         8.94708812
    1662         7.33728094
    1690         8.07147880
    1719         7.04362363
    1748         8.05799089
    1776         7.88467631
    1805        11.75204559
    1834        10.77294527
    1862         8.60413315
    1891         9.81047863
    1920        14.88814604
    1948        10.29705936
    1977        11.91862035
    2006        13.52035871
    2034         8.84927258
    2063         8.04164269
    2092        14.55172858
    2120         8.92217617
    2149         8.81871125
    2178        10.36300016
    2206         8.52585795
    2235         8.11250248
    2264         8.16971761
    2292         9.02145234
    2321         8.61444599
    2350        15.38033097
    2378        18.85893816
    2407        11.01095197
    2436        10.93525141
    2464         8.38780309
    2493        12.01421760
    2522         9.16482139
    2550        11.80176757
    2579        10.54830591
    2608         8.58923861
    2636        10.77917936
    2665         8.73296874
    2694        12.99564985
    2722         9.88024750
    2751         7.85981359
    2780         9.11653263
    2808         9.06480030
    2837        13.31073854
