# Ni0                  T
       1         0.19637816
      28         3.87610758
      57         3.46885201
      85         3.09663514
     114         3.93676591
     143         5.53855591
     171         4.85292178
     200         5.22788074
     229         5.63588361
     257         6.16674583
     286         7.36311665
     315         5.52424617
     343         5.68262334
     372         7.95234802
     401        10.14371765
     429         5.87805056
     458         6.19571955
     487         5.31031617
     515         6.45885437
     544         6.83700329
     573         6.81991875
     601         7.12680312
     630         6.43157632
     659         8.03518944
     687         5.52680670
     716         6.17668370
     745         5.73985988
     773         8.89579493
     802         7.21970482
     831        10.87612165
     859         6.77687361
     888         9.61159074
     917         9.79650913
     945         6.71155507
     974         8.76456188
    1003         6.23208691
    1031         7.79401498
    1060         8.48871954
    1089         6.43362830
    1117         9.30682958
    1146         6.59342026
    1175         7.21330506
    1203         7.86203016
    1232         6.21970650
    1261         6.86740428
    1289         7.52905440
    1318         7.13994377
    1347         6.79458047
    1375         7.81747630
    1404         7.45317264
    1433         8.27355104
    1461         6.52354329
    1490         7.24672542
    1518         6.95350381
    1547         7.45893346
    1576         6.88006020
    1604         9.00330981
    1633         7.37229974
    1662         8.80538323
    1690         6.89260769
    1719         8.10590304
    1748         6.79188868
    1776         5.88376908
    1805         7.98466126
    1834         6.46114596
    1862         7.27647563
    1891         7.43376311
    1920         7.89142782
    1948         7.22687412
    1977         8.44308990
    2006         8.25377459
    2034         8.69613319
    2063         8.49712131
    2092         8.59608158
    2120         9.17952602
    2149         7.70210928
    2178         6.94157280
    2206         8.27923003
    2235        10.26637938
    2264         6.92868215
    2292         8.19452601
    2321         8.88707350
    2350         8.62309323
    2378         7.27611067
    2407         6.42452870
    2436         9.80202908
    2464         9.38552463
    2493         8.41673736
    2522         7.99918118
    2550         7.49986526
    2579         8.18388716
    2608         8.42992628
    2636         8.04561151
    2665         7.47593246
    2694         7.71503965
    2722         8.18160146
    2751         9.96571461
    2780         9.49974668
    2808         8.05063608
    2837         7.34881151
