# Ni0                  T
       1         0.41737862
      28         3.83002020
      57         3.56899288
      85         5.80408422
     114         5.00530314
     143         5.73780996
     171         5.60216151
     200         5.43727005
     229         5.47575472
     257         7.65323795
     286         5.38097741
     315         7.92977926
     343         6.34923335
     372         5.69844672
     401         6.31135520
     429         6.96391496
     458         5.80014267
     487         8.77250367
     515         7.13965597
     544         7.05157271
     573         7.08285362
     601         5.58485111
     630         6.66610638
     659         6.66108562
     687         8.02010344
     716         8.20316176
     745         7.40124934
     773         7.35738394
     802         7.15976176
     831         5.92587284
     859         6.98044584
     888         8.12145125
     917         7.55558147
     945         6.50235469
     974         5.76810758
    1003         5.93223430
    1031         8.54405441
    1060         7.91291569
    1089         7.18867164
    1117         9.00236594
    1146         7.04595372
    1175         8.98834228
    1203         9.50460797
    1232         9.41288741
    1261         6.52126632
    1289        11.73174284
    1318         6.57831274
    1347         7.72068972
    1375         8.37318711
    1404         9.86945136
    1433        10.38861855
    1461         9.34223214
    1490         8.70311580
    1518         9.16429600
    1547        10.39387013
    1576         8.12174666
    1604         7.86287397
    1633         8.83410317
    1662        10.84608135
    1690         7.52053999
    1719         6.74488275
    1748         7.02032716
    1776        10.79853178
    1805         7.63369234
    1834         9.75662705
    1862         8.27093860
    1891         8.75107982
    1920         8.83323627
    1948         7.78903805
    1977         7.88770162
    2006         9.00130524
    2034        10.87735086
    2063         7.97295544
    2092         8.94853486
    2120         9.48049732
    2149         6.62684472
    2178         9.27700552
    2206         7.91470388
    2235         9.65661977
    2264         9.25960609
    2292        10.87211116
    2321         6.57060111
    2350        10.02312599
    2378         8.55841868
    2407        10.43873918
    2436         7.98710615
    2464         7.22346560
    2493        10.27729322
    2522        13.07103768
    2550         9.49908613
    2579         9.20481583
    2608         9.87461303
    2636        10.03893546
    2665         7.44402866
    2694         8.07517570
    2722         9.85157722
    2751         9.36952933
    2780         8.01703598
    2808         9.67097036
    2837        10.79778683
