# Ni0                  T
       1         1.12282839
      28         5.72546901
      57         5.16089646
      85         3.14330383
     114         6.91757627
     143         5.40126140
     171         5.91674735
     200         7.08699145
     229         5.17532539
     257         7.60165868
     286         7.17331994
     315         5.89132847
     343         6.56485628
     372        12.40358652
     401         5.82279774
     429         7.11979086
     458         7.69998433
     487         5.62415928
     515         5.65182751
     544         6.33777041
     573         7.47143801
     601         7.22789764
     630         7.61507736
     659         6.69534916
     687         6.14676067
     716         5.96900608
     745         7.79223337
     773         8.98357490
     802         6.67983675
     831         7.40161392
     859         6.10878793
     888         7.96349894
     917         7.28076682
     945         5.73377768
     974         7.04737732
    1003         8.75327008
    1031         7.04735535
    1060         7.79932932
    1089         7.31236808
    1117         5.21237570
    1146         6.60463976
    1175         7.17097603
    1203         7.27592760
    1232         9.46288537
    1261        11.10555343
    1289         8.01916017
    1318         6.50536381
    1347         8.03542201
    1375         8.52079657
    1404         6.73175453
    1433         8.98077796
    1461         7.21766898
    1490         6.96124370
    1518         9.69670578
    1547         7.53188236
    1576         8.49905128
    1604         7.57678816
    1633        11.27936843
    1662         8.07796162
    1690         6.89618451
    1719         8.61427928
    1748         6.90098957
    1776         7.08281279
    1805        10.97585622
    1834         7.33806852
    1862         9.18412018
    1891         8.57089617
    1920         9.89549257
    1948         8.03836787
    1977         9.08349026
    2006         8.70548346
    2034         8.98832185
    2063         9.74051180
    2092         8.28638752
    2120         7.40455392
    2149         9.60737052
    2178         8.52507784
    2206         8.56198717
    2235         8.44903846
    2264         9.46366202
    2292         6.93131195
    2321         9.87081515
    2350         7.61299124
    2378         6.48656505
    2407         7.24549410
    2436         7.09111867
    2464         7.16442371
    2493         7.85304771
    2522         8.14077475
    2550         8.08911038
    2579         7.53218350
    2608         6.71008985
    2636         9.51182788
    2665         8.11160024
    2694         7.53687017
    2722         9.47059733
    2751         8.73484754
    2780         8.91319427
    2808         7.01581526
    2837         7.45460564
