24070
19598
24070
19598
24070
19598
19598
24070
5858
5858
18344
24070
5858
18344
5858
5858
5858
5858
5858
5858
18344
18344
5858
5858
5858
5858
5858
18344
5858
5858
18344
5858
5858
18344
16586
16586
11538
11538
11538
11538
11538
11538
11538
11538
11538
11538
11538
16586
16586
11538
11538
16586
11538
5372
38840
5372
5372
38840
5372
5372
5372
5372
5372
38840
5372
5372
38840
5372
38840
5372
38840
38840
5372
5372
12164
5372
5372
38840
12164
12164
12164
5022
12164
5022
5022
12164
5022
5022
5022
12164
5022
12164
5022
12164
5022
12164
6002
39276
39276
6002
