# Ni0                  T
       1         1.96534718
      28         4.35884691
      57         3.80845784
      85         4.60415781
     114         4.31354282
     143         6.50951039
     171         7.33443880
     200         5.10559976
     229         4.97173492
     257         6.13918477
     286         6.31212488
     315         8.00693232
     343         4.75236082
     372         6.01811343
     401         5.53117745
     429         6.34429145
     458         5.38706546
     487         7.98686066
     515         7.06088211
     544         7.23688178
     573         5.96513070
     601        10.07225048
     630         6.95151634
     659         6.93975386
     687         6.61271969
     716         7.31744797
     745         7.72593719
     773         5.69657734
     802         7.58308682
     831         7.01403799
     859         7.22620026
     888         5.34865859
     917         6.52826753
     945         7.38101328
     974         6.69579739
    1003         8.47585590
    1031         7.39451956
    1060         7.48100823
    1089         7.11308439
    1117         7.96606281
    1146         7.06781103
    1175         7.51807909
    1203         7.58010046
    1232         6.64882581
    1261         7.55395872
    1289         9.86533278
    1318         9.35773901
    1347        10.46663945
    1375         8.75793035
    1404         7.27303652
    1433         6.45425238
    1461         6.40887362
    1490         7.10615624
    1518         9.80007303
    1547         9.22104993
    1576        11.05928904
    1604         7.56120732
    1633         6.17360374
    1662         6.42480893
    1690        10.47254362
    1719         8.29921330
    1748         7.75580696
    1776         7.34801352
    1805         8.01840835
    1834         8.60243259
    1862         8.80854008
    1891         7.59374686
    1920         7.08488551
    1948         8.05025636
    1977         9.20561988
    2006         6.68341376
    2034         8.86379001
    2063         6.50295260
    2092         6.75692006
    2120         9.14725097
    2149         8.12610786
    2178        13.46395595
    2206        10.29838460
    2235         7.84531199
    2264         8.75792532
    2292         7.65838723
    2321         7.19999098
    2350         7.31484503
    2378         8.75324663
    2407         9.07763955
    2436         7.57449680
    2464         9.08271679
    2493        11.06102288
    2522         9.72515035
    2550         6.81976650
    2579         7.64213785
    2608         6.72300481
    2636         8.97855311
    2665         7.30349685
    2694         9.00378879
    2722         8.57862408
    2751         7.80199000
    2780         8.37125009
    2808         8.42271220
    2837        10.04011749
