# Ni0                  T
       1         0.24885248
      28         3.15116385
      57         5.03054809
      85         3.19803683
     114         8.33225335
     143         4.77706409
     171         5.00336029
     200         7.64866498
     229         7.43125874
     257         5.65896620
     286         4.56636068
     315         6.12903211
     343         4.48991146
     372         6.79346698
     401         6.70474567
     429         6.54456837
     458         6.26094817
     487         6.80565538
     515         8.30315721
     544         4.98923116
     573         5.62143711
     601         8.09286334
     630         7.28978384
     659         8.03092275
     687         7.63434776
     716         6.25608892
     745         5.89483627
     773         7.25312887
     802         7.82508268
     831         8.69695254
     859         8.61388787
     888         9.50734707
     917        11.43627859
     945         7.78807455
     974         7.62640141
    1003         9.60035122
    1031         7.12529982
    1060         6.74319246
    1089         8.17775599
    1117         7.55804079
    1146         6.86489817
    1175         9.24447394
    1203         6.50821317
    1232         9.48925704
    1261         7.89261714
    1289         8.58597930
    1318         7.41639299
    1347         7.25146895
    1375         6.66880245
    1404         8.41661704
    1433         8.05158403
    1461         6.12764435
    1490         6.71233474
    1518         7.37800778
    1547         6.98178822
    1576         8.98207436
    1604         7.32756352
    1633         9.61724612
    1662         8.42489467
    1690         8.47401841
    1719         8.45733548
    1748         6.54354468
    1776         8.35121246
    1805         8.04901702
    1834         8.81480352
    1862         7.16830154
    1891         8.42133018
    1920        11.00701976
    1948         8.22107036
    1977         8.93347101
    2006         8.40446308
    2034         9.73180084
    2063         8.36450855
    2092         8.37646570
    2120         8.22197676
    2149         8.06645855
    2178         7.98714288
    2206         7.84802719
    2235         8.84833817
    2264         7.85315107
    2292         9.84625511
    2321         8.93813407
    2350         8.54961966
    2378        10.91202146
    2407         8.84411550
    2436         8.91455024
    2464         6.74900348
    2493         8.70799885
    2522         8.00920119
    2550        10.88778256
    2579        13.41861407
    2608         7.69143605
    2636         8.20663172
    2665         8.80738144
    2694         7.91789340
    2722         9.55063552
    2751         7.10536143
    2780         7.96428104
    2808         8.51029333
    2837         8.20504970
