17248
5970
5970
5970
5970
5970
5970
5970
5970
5970
5970
5970
5970
5970
5970
5970
5970
5970
5970
5970
5970
5970
5970
5970
5970
5970
5970
5970
5970
5970
5970
5970
5970
5970
5970
5970
5970
5970
5970
5970
5970
5970
6480
6480
6480
6480
6480
6480
6480
6480
6480
6480
6480
6480
6480
6480
6480
6480
6480
6480
6480
6480
6480
6480
6480
6480
6480
6480
6480
6480
6480
6480
6480
6480
6480
6480
6480
6480
6480
6480
6480
11602
11602
6480
6480
6480
11602
11602
11602
11602
11602
13196
13196
13196
13196
13196
13196
13196
13196
13196
