# Ni0                  T
       1         0.67977743
      28         2.95652858
      57         3.84103365
      85         5.53131960
     114         4.12718750
     143         5.24369547
     171         3.83146099
     200         7.20950788
     229         4.67643391
     257         7.73540247
     286         6.40270168
     315         4.82786884
     343         5.84446169
     372         6.08813382
     401         6.95184241
     429         5.89977075
     458         5.85255512
     487         5.94371883
     515         8.94346643
     544         6.51639450
     573         5.81668489
     601         7.58066093
     630         8.61821577
     659         6.56087610
     687         7.34259864
     716         7.26295528
     745         7.60898234
     773         6.81208305
     802         7.12551812
     831         7.77613997
     859         6.83437882
     888         7.85492189
     917         8.63823378
     945         8.55213426
     974         7.75422357
    1003         9.30922013
    1031        10.32086765
    1060         7.22262536
    1089        10.06868952
    1117         8.11872582
    1146         7.80595915
    1175         7.95740205
    1203         7.46890472
    1232         8.61645298
    1261         6.08274489
    1289         9.52757250
    1318         7.66505668
    1347         6.68864924
    1375         7.76218848
    1404         9.88131399
    1433        10.10396332
    1461         7.27513032
    1490         7.75887683
    1518         7.05179482
    1547         8.09718873
    1576         7.72282233
    1604         9.64989839
    1633         6.33810820
    1662         7.44973967
    1690         7.01783548
    1719         8.51955263
    1748         7.89134211
    1776        10.11451667
    1805         7.37985374
    1834         8.05658147
    1862         7.77647803
    1891        10.16259434
    1920         8.65228355
    1948         7.00212861
    1977         7.31743332
    2006         7.55384316
    2034         7.38741401
    2063         9.81217946
    2092         7.78182503
    2120         7.39224000
    2149        10.26780799
    2178         7.59302775
    2206         7.82116035
    2235        10.05697663
    2264         6.77906299
    2292         8.82551445
    2321         7.79265639
    2350         6.84396186
    2378         6.97097805
    2407         7.54926452
    2436         7.25849499
    2464         7.64671414
    2493         6.33964475
    2522        10.61018733
    2550         8.87319958
    2579         9.68533676
    2608         7.57909926
    2636         7.54926749
    2665         7.43742912
    2694         8.20419405
    2722         9.05770817
    2751         8.89376965
    2780         7.57303988
    2808         6.96906130
    2837         8.74161477
