# Ni0                  T
       1         0.30543280
      28         2.80200110
      57         3.65605884
      85         4.57762589
     114         4.71640032
     143         5.79443414
     171         5.38050787
     200         5.97537325
     229         5.36916924
     257         6.37897405
     286         5.53126604
     315         6.63329128
     343         8.72166823
     372         6.79578592
     401         6.49310618
     429         7.77515635
     458         9.18347843
     487         5.68286542
     515         7.10398152
     544         7.77755661
     573         8.28296417
     601         6.13952788
     630         6.02196362
     659         6.11401217
     687         5.92069466
     716         5.43992670
     745         7.77510112
     773         7.31846384
     802         6.61578994
     831         5.93600966
     859         6.16402793
     888         5.71640047
     917         7.91184260
     945         7.34828017
     974         6.34608430
    1003         8.50122674
    1031         6.86346512
    1060         8.34818683
    1089         7.28432317
    1117         7.23292637
    1146         6.93941766
    1175         8.22214859
    1203         5.62706785
    1232         8.32030331
    1261         7.38366335
    1289        10.53954859
    1318         6.67816628
    1347         7.47300378
    1375         7.96121560
    1404         7.58316493
    1433         7.86584982
    1461         8.10860413
    1490         6.24017723
    1518         9.37287923
    1547        10.21062748
    1576         9.06607196
    1604         6.58182636
    1633         6.11024497
    1662         7.83964343
    1690         7.80660916
    1719         6.74803962
    1748         8.69435226
    1776         8.36415396
    1805        10.54829993
    1834         7.40262419
    1862         5.79788082
    1891        11.69718599
    1920         7.24367683
    1948         8.54447040
    1977         9.02203094
    2006         9.08871124
    2034         7.47129322
    2063         8.87426544
    2092         8.14670927
    2120         7.51856032
    2149         9.68204213
    2178         7.42918797
    2206         6.91833363
    2235         9.16944707
    2264         7.91027799
    2292         7.51279902
    2321         6.85864092
    2350        10.51314103
    2378         8.67876372
    2407        10.31783204
    2436         8.85374121
    2464         7.04878630
    2493         8.30492674
    2522         8.18511766
    2550         8.12884847
    2579         8.36994403
    2608         7.37053069
    2636         9.76107769
    2665         7.98300580
    2694         8.38042735
    2722         7.12428365
    2751         9.02586695
    2780         9.03210405
    2808         7.20109630
    2837        11.32819626
