# Ni0                  T
       1         0.03778109
      28         4.56595097
      57         3.52087964
      85         8.91382838
     114         4.91727564
     143         7.57806241
     171         4.67959667
     200         6.61115336
     229         6.56692483
     257         4.53007078
     286         6.02221269
     315         5.39037333
     343         7.97421525
     372         5.41550398
     401         6.76377852
     429         6.65929830
     458         8.93498624
     487         7.59397595
     515         8.65916216
     544         6.61548063
     573         5.16797244
     601         7.46119888
     630         5.78981900
     659         5.70124392
     687         8.66990633
     716         6.78030013
     745         7.37943777
     773         6.59549986
     802         6.14075217
     831         6.82793213
     859         5.25901734
     888         9.27665707
     917         7.81057768
     945         7.64597405
     974         8.62343674
    1003         8.52794521
    1031         8.31681781
    1060         7.82917769
    1089         7.76945552
    1117         6.94906516
    1146         8.68791803
    1175         5.63636268
    1203         6.30120110
    1232         6.86149904
    1261         8.51850714
    1289         9.09798977
    1318        10.57989686
    1347         7.35241977
    1375         7.56576979
    1404         8.00486904
    1433         8.33558624
    1461         8.04637706
    1490         8.03799715
    1518         7.01322529
    1547         9.99776461
    1576         9.02110741
    1604         7.53521734
    1633         8.01485634
    1662         7.34290156
    1690         8.54306861
    1719        10.19258789
    1748         6.82696466
    1776        10.42089683
    1805         8.77301478
    1834         7.31825454
    1862         6.45233020
    1891         6.23748779
    1920         8.34021652
    1948         6.21327593
    1977         7.37894220
    2006         9.29621964
    2034         8.29863329
    2063         7.09138095
    2092         6.47797955
    2120         8.06710631
    2149         8.75368384
    2178         9.15059994
    2206         7.83039659
    2235         8.91510442
    2264         8.95306725
    2292         8.86407844
    2321         9.42613046
    2350         6.49147469
    2378         9.33608430
    2407         8.95778900
    2436         8.98497963
    2464         7.43385184
    2493         7.35714110
    2522         6.59960908
    2550         8.76771382
    2579         6.39308200
    2608        10.92800082
    2636         8.26180437
    2665         7.84019180
    2694         9.62552061
    2722         7.47927279
    2751        10.02654372
    2780        10.64464951
    2808         7.19561052
    2837         8.94133810
