# Ni0                  T
       1         0.07089756
      28         5.11376541
      57         2.32481682
      85         3.47270161
     114         4.42328550
     143         5.98827113
     171         3.90467353
     200         3.91705520
     229         8.12519830
     257         5.60789906
     286         6.04634803
     315         6.60929679
     343         6.27575581
     372         8.46121412
     401         5.51816013
     429         6.63778960
     458         6.27209039
     487         6.91884856
     515         7.40854987
     544         6.65356958
     573         5.99104381
     601         5.90044997
     630         5.39916225
     659         6.83381129
     687         8.35486849
     716         5.73372909
     745         6.18197665
     773         5.69748110
     802         5.89403932
     831         6.19836543
     859         7.57964696
     888         8.58950922
     917         5.21189198
     945         6.74113324
     974         7.24705708
    1003         6.75859978
    1031         6.79176945
    1060         6.51508694
    1089         7.31370189
    1117         7.89421007
    1146        11.83148191
    1175         7.48584569
    1203         6.37103773
    1232         6.93699480
    1261         6.16580858
    1289         8.82876167
    1318         8.06688519
    1347         7.96285802
    1375         9.56466243
    1404         6.74813832
    1433         6.73721328
    1461         7.21068200
    1490         6.93041658
    1518         6.42081472
    1547         6.93985081
    1576         8.05675858
    1604         6.85103036
    1633        10.22331162
    1662        10.02710958
    1690         8.62269658
    1719         7.47466413
    1748         9.81037015
    1776         8.09922290
    1805         7.10785863
    1834         7.30879383
    1862         6.92949687
    1891        10.20888901
    1920         7.92423761
    1948         7.12780865
    1977         6.85368651
    2006         7.56031241
    2034         8.80036263
    2063         9.28093606
    2092         6.34416172
    2120         6.85807498
    2149         6.97071916
    2178         8.64226785
    2206         9.84448671
    2235         6.83841979
    2264         8.95240291
    2292         7.99127396
    2321         7.53448587
    2350         8.28508198
    2378         7.03054449
    2407         6.88896718
    2436         7.63330429
    2464        10.21507041
    2493         6.33874573
    2522        10.60842558
    2550         8.70245000
    2579         9.68113137
    2608         7.57730211
    2636         7.54820341
    2665         7.43609849
    2694         8.20336614
    2722         9.04966974
    2751         6.98296888
    2780         7.57150719
    2808         6.96811361
    2837         8.99214131
