# Ni0                  T
       1         0.19203134
      28         6.57436282
      57         8.96837389
      85         5.61772440
     114         4.02756910
     143         7.11031593
     171         5.42300605
     200         4.30015203
     229         5.85454346
     257         6.62743999
     286         5.55644787
     315         6.91327284
     343         5.98206330
     372         8.20570615
     401         4.87641372
     429         5.47817756
     458         6.41220777
     487         7.05067551
     515         5.67121489
     544         5.75719686
     573         8.26698023
     601         7.68050614
     630         5.55380944
     659         7.68121097
     687         8.35687824
     716         6.17112429
     745         6.94696796
     773         5.61677181
     802         8.90521848
     831         7.47785025
     859         7.17161364
     888         6.42714880
     917         6.30734058
     945         7.90928159
     974         9.53256271
    1003         7.60001007
    1031         8.65562915
    1060         9.56278845
    1089        10.10497080
    1117         7.91410032
    1146        13.20436409
    1175         8.81018685
    1203         6.95719257
    1232         8.86673662
    1261         7.17849657
    1289         6.71921963
    1318         7.72271633
    1347         9.17590480
    1375         8.69538093
    1404         9.79658040
    1433         8.85918820
    1461         7.75940670
    1490         8.58551831
    1518         8.85991213
    1547         9.42434363
    1576         9.75864002
    1604         5.79528660
    1633         6.33235659
    1662        11.05207429
    1690         9.65404484
    1719         6.86191914
    1748         6.34618312
    1776         8.05269829
    1805         7.47233647
    1834         9.58485116
    1862         9.53912694
    1891        10.54955885
    1920         7.52511181
    1948         9.85164951
    1977         9.84572142
    2006         7.59409128
    2034         8.43546990
    2063         7.24991259
    2092         7.55988716
    2120        10.73095509
    2149         8.97938257
    2178         8.93553444
    2206         7.00112649
    2235         6.95874630
    2264         7.05217914
    2292         8.17822132
    2321         7.45189603
    2350         7.20499587
    2378         6.93821127
    2407         6.87209614
    2436         9.18724930
    2464         7.95487569
    2493         8.91960680
    2522         9.74491923
    2550         7.29095890
    2579         8.83032742
    2608         9.94246445
    2636         8.00141796
    2665         6.55529632
    2694         7.64197548
    2722         8.84382310
    2751        10.01144631
    2780         8.05637041
    2808         7.81425298
    2837         9.31090456
