# Ni0                  T
       1         2.63281234
      28         2.92830969
      57         4.35737649
      85         6.62793592
     114         4.92301225
     143         5.33196101
     171         5.17548226
     200         7.54977918
     229         5.09548246
     257         7.48113721
     286         6.27074070
     315         6.84664362
     343         5.37185168
     372         7.85553969
     401         6.87548850
     429         7.70976047
     458         6.37862440
     487         7.12754845
     515         6.07820159
     544         7.02233849
     573         6.63544768
     601         7.45067222
     630         7.75638034
     659         7.81012430
     687         6.95210717
     716         6.31538188
     745         6.45392549
     773         6.07424120
     802         7.34187338
     831        10.43269104
     859         8.51934562
     888         7.74468467
     917         7.09136574
     945         8.83603174
     974         7.57327875
    1003         9.66867729
    1031         6.47846118
    1060         5.84872104
    1089         7.32390117
    1117         8.07548139
    1146         7.67052655
    1175         6.32327208
    1203         7.15051642
    1232         7.55361820
    1261         7.31126209
    1289         6.68261768
    1318         8.00784187
    1347         7.15017521
    1375         6.93538985
    1404         8.93729990
    1433         7.66010206
    1461         8.03910953
    1490         7.91644200
    1518         7.26714284
    1547         8.76240910
    1576        11.70572607
    1604         8.30196874
    1633         8.07892403
    1662         8.91878250
    1690         8.07728946
    1719         6.55609756
    1748         7.75305978
    1776         7.23254946
    1805         6.95660804
    1834         7.72647866
    1862         6.33059380
    1891         8.87354067
    1920        11.76849321
    1948         9.22786655
    1977         7.86865927
    2006         6.13309788
    2034         6.14270713
    2063         6.45119696
    2092         7.98381679
    2120         7.94366753
    2149         8.66639916
    2178         6.52792760
    2206         7.25084031
    2235         7.07465639
    2264         7.90590268
    2292         7.40352572
    2321        14.55991867
    2350         5.87853332
    2378         9.16434206
    2407         8.50633108
    2436         7.55955874
    2464         8.16357744
    2493         8.23192630
    2522         7.42940073
    2550         8.88206483
    2579         6.37796369
    2608         7.71985001
    2636         8.98131988
    2665         8.68109361
    2694         6.84721143
    2722         8.76793617
    2751         7.40957562
    2780         7.54650175
    2808         9.02839800
    2837        10.13446514
