# Ni0                  T
       1         0.16814617
      28         3.07455554
      57         6.70267637
      85         5.61866959
     114         5.05828682
     143         4.15833023
     171         5.37483782
     200         6.08874788
     229         6.59213978
     257         5.74287273
     286         4.61275340
     315         7.21116812
     343         7.64757971
     372         6.85894951
     401         5.17979183
     429         6.47788426
     458         6.23559175
     487         7.14729251
     515         6.00032151
     544         8.27427814
     573         9.22512973
     601         6.26162369
     630         6.15792173
     659         6.48628221
     687         9.05471460
     716         7.75041299
     745         6.29048034
     773         7.37553993
     802         6.63781365
     831         7.81653418
     859         7.14625239
     888         6.38747043
     917         7.17762133
     945         9.75540938
     974         7.30033542
    1003         8.11012350
    1031         7.76134319
    1060         7.11521503
    1089         7.41934797
    1117         8.10282243
    1146         6.22149416
    1175         8.91429319
    1203         8.47669436
    1232         6.43593734
    1261         6.36181182
    1289         8.20569321
    1318         7.09622136
    1347         7.48024804
    1375         7.03184186
    1404         7.13041326
    1433         7.25452171
    1461         6.83873369
    1490         7.43748039
    1518         7.39468307
    1547         7.35018054
    1576         8.93446613
    1604         8.68845398
    1633         6.88977061
    1662         6.99569043
    1690         7.60713263
    1719         9.49573392
    1748         8.43707618
    1776         8.90574475
    1805        11.62370796
    1834         8.60325910
    1862         6.99862893
    1891         6.35349963
    1920         6.23271266
    1948         7.56514060
    1977         8.24620419
    2006         8.31936837
    2034         8.22677078
    2063         7.48504435
    2092         7.84754853
    2120         8.27664632
    2149         7.95508882
    2178         9.14997912
    2206         8.67980186
    2235         9.08199829
    2264         8.23693355
    2292         8.97337590
    2321         7.43600476
    2350         7.38160034
    2378        10.55628540
    2407         7.08205216
    2436         9.52803020
    2464         7.96158403
    2493         9.68391724
    2522         7.73330140
    2550         7.68069295
    2579         7.10194162
    2608         6.65198654
    2636         7.86421035
    2665         7.27279220
    2694         6.91031675
    2722         8.55049550
    2751        10.14369102
    2780        10.93346802
    2808        13.08091848
    2837         8.46156700
