# Ni0                  T
       1         0.05390998
      28         3.75565881
      57         5.24153463
      85         4.99640318
     114         5.53494950
     143         8.21219026
     171         5.36285153
     200         8.17399096
     229         7.14916009
     257         4.94190608
     286         7.61018512
     315         7.98228107
     343        11.85923430
     372         6.59425868
     401         6.21460239
     429         6.07263725
     458        11.93033162
     487         6.91418047
     515        14.49338949
     544         7.40142883
     573        14.81852368
     601         8.90300858
     630         9.44606847
     659        12.50797964
     687         8.41261952
     716        12.29759143
     745        12.10917442
     773         9.76265186
     802         9.86679604
     831        10.55790492
     859         8.32494353
     888         9.05947802
     917         8.38704399
     945         6.98632212
     974        10.37519317
    1003        11.33524816
    1031         8.98633385
    1060         8.44947621
    1089         7.29011867
    1117        10.31153267
    1146         9.95477142
    1175        10.05340153
    1203        14.38596235
    1232         7.17631708
    1261        10.11796134
    1289         9.37814685
    1318        12.08501751
    1347        14.20434556
    1375         9.71825903
    1404         7.69976782
    1433         9.68832263
    1461        12.18501090
    1490        12.40691291
    1518        14.13250661
    1547        14.45565558
    1576        11.54473376
    1604         9.87530371
    1633         8.38683374
    1662         9.80177540
    1690         7.93934644
    1719         9.74870772
    1748        10.56474669
    1776         9.22262466
    1805         9.92348291
    1834        10.07163170
    1862         8.47382656
    1891         7.69012500
    1920         8.44799207
    1948         7.69701868
    1977        11.18029868
    2006        11.04860838
    2034        10.25540610
    2063         9.30681953
    2092         8.25365319
    2120         9.79521701
    2149         9.14352189
    2178        10.42692497
    2206        11.32284459
    2235        10.59643884
    2264         9.64119756
    2292         9.87029593
    2321        14.27005557
    2350        10.42099789
    2378        13.04650672
    2407         9.69583249
    2436        13.23666405
    2464        12.94122597
    2493        13.81734817
    2522        13.36875909
    2550         9.45414371
    2579         8.20348711
    2608         9.05743593
    2636         8.25068037
    2665        10.14208700
    2694        10.92699844
    2722        10.66430619
    2751        11.11574718
    2780        13.41672509
    2808        16.44959824
    2837        14.18927054
