# Ni0                  T
       1         0.33999544
      28         2.64044857
      57         7.68849342
      85         6.40641559
     114         4.55382431
     143         4.61241710
     171         6.09516201
     200         4.18304904
     229         4.23266929
     257         5.34218208
     286         3.98210470
     315         6.77961657
     343         6.45722528
     372         9.54218722
     401         5.48968401
     429         7.64568198
     458         8.32641284
     487         5.20940001
     515         8.62555389
     544         7.76948515
     573         6.87864994
     601         7.60996728
     630         8.59809128
     659         7.15828507
     687         6.24068897
     716         6.25822446
     745         5.73020640
     773         7.61135716
     802         8.83874469
     831         8.34944814
     859         5.37800536
     888         9.68971132
     917         7.21627937
     945         8.86782987
     974         5.92176439
    1003         5.97689738
    1031         9.96377590
    1060         8.25132560
    1089         7.10798930
    1117         8.65060366
    1146         7.73462074
    1175         8.01598927
    1203         7.05332253
    1232         6.02166891
    1261         7.05988119
    1289         9.06589017
    1318         7.67779290
    1347         8.28054178
    1375         7.63349997
    1404         7.36625097
    1433         6.34063900
    1461         6.79749766
    1490         6.97271665
    1518         8.46270831
    1547         7.10284300
    1576         9.71376489
    1604         7.67011778
    1633         9.14334203
    1662        10.32813340
    1690         8.33599311
    1719         6.83459410
    1748         8.44391366
    1776         9.51634488
    1805         9.05335964
    1834         8.68289152
    1862         7.00974727
    1891         7.74612029
    1920         7.18496297
    1948         8.24991978
    1977         7.40695739
    2006         7.04832128
    2034         9.46334146
    2063         7.19786756
    2092        10.27059131
    2120         8.19658155
    2149         6.92492677
    2178         7.32968843
    2206        11.96640501
    2235         8.18185788
    2264         9.46619803
    2292         8.51602755
    2321         8.46690741
    2350         8.16894875
    2378         9.09842583
    2407         8.95265909
    2436         6.19648026
    2464         7.57986829
    2493        10.08884552
    2522         8.73143407
    2550         7.55678978
    2579         8.78970193
    2608         8.44194903
    2636         9.43119887
    2665         7.67868300
    2694         7.18418768
    2722         8.00484915
    2751        10.44564844
    2780         7.30599561
    2808         7.43833169
    2837         8.07317316
