# Ni0                  T
       1         2.39720483
      28         3.01376504
      57         4.65084969
      85         5.05895473
     114         4.57428692
     143         6.39831710
     171         4.43276944
     200         5.87950463
     229         4.90151082
     257         6.81816607
     286         6.50534754
     315         5.82089481
     343         6.37682886
     372         9.23620572
     401         5.95696842
     429         5.65811649
     458         4.80145848
     487         6.21631059
     515        11.75307397
     544         6.18871694
     573         6.72178089
     601         6.77558727
     630         5.49246719
     659         6.70219796
     687         6.50025334
     716         7.39235962
     745         7.01484836
     773         6.74298177
     802         6.87543572
     831         5.72773614
     859         6.03380923
     888        11.36967417
     917         5.95550396
     945         8.11985212
     974         7.13068077
    1003         8.24344262
    1031        10.81822692
    1060         5.83752951
    1089         7.26969742
    1117         6.90437745
    1146         6.30463794
    1175         8.17357630
    1203         7.28542044
    1232         6.19027759
    1261         9.26740099
    1289         6.50501245
    1318         9.15370290
    1347         7.97060184
    1375         7.02686666
    1404         8.13013419
    1433         6.02527079
    1461         6.62725257
    1490         6.82642731
    1518         7.38941587
    1547         7.52481298
    1576         6.65043559
    1604         8.17833887
    1633         7.46691775
    1662         8.28084836
    1690         7.97497527
    1719         8.19273905
    1748         7.43167912
    1776         7.22583654
    1805         7.68997743
    1834        11.68590653
    1862         6.94286457
    1891         8.01133394
    1920         7.28302885
    1948         8.52162418
    1977         7.47594769
    2006         8.54607330
    2034         7.82659377
    2063         7.50713598
    2092         6.34412448
    2120         9.84137342
    2149         8.69893823
    2178         7.18084077
    2206         6.39828923
    2235         7.81203910
    2264        10.24129114
    2292         8.34112294
    2321         7.73348875
    2350        10.61568874
    2378         8.31422029
    2407         6.11574343
    2436         6.85915226
    2464         8.04613559
    2493        11.55660179
    2522         9.10731993
    2550         6.40436468
    2579         6.43179274
    2608         7.32816815
    2636         8.06992403
    2665         7.70404534
    2694        10.72695965
    2722        10.14548020
    2751         8.21290003
    2780         8.94845457
    2808         7.44774605
    2837         8.92874548
