# Ni0                  T
       1         0.71423964
      28         4.72559839
      57         4.09531034
      85         3.96418870
     114         3.83415675
     143         4.90313241
     171         5.90660055
     200         5.88700590
     229         6.87315944
     257         5.05773954
     286         5.63994622
     315         5.87104254
     343         8.29959357
     372         7.59934896
     401         8.35088674
     429         6.01450928
     458         6.03906002
     487         6.27693055
     515         6.13803038
     544         6.50816501
     573         8.64809779
     601         6.69025173
     630         6.78870207
     659         8.42807609
     687         6.16535693
     716         5.55980202
     745         7.26672868
     773         8.12362370
     802         6.27941230
     831         6.12998122
     859         6.83506437
     888         8.30357437
     917         7.26528929
     945         6.89798640
     974        11.71782314
    1003         7.70514793
    1031         8.00758832
    1060         9.12453327
    1089         6.57152780
    1117         7.49626103
    1146         8.71679228
    1175        11.02075935
    1203         8.90206997
    1232         8.36153193
    1261         8.27798150
    1289         7.87019273
    1318         6.86391989
    1347         6.69707867
    1375         8.16205783
    1404         7.07115213
    1433         7.61611705
    1461         7.21538732
    1490         7.45723090
    1518         6.54466647
    1547         8.74313416
    1576         7.27999260
    1604         7.74643555
    1633         7.52508986
    1662         7.66198245
    1690         7.29834520
    1719         9.90404928
    1748         8.17997872
    1776         7.56065772
    1805         6.83894685
    1834         7.85214033
    1862         7.60792532
    1891         7.03851615
    1920         8.09312755
    1948         7.80999199
    1977         8.18607727
    2006         7.12644360
    2034         8.41703648
    2063         7.83408672
    2092         7.67452606
    2120         9.97735575
    2149         9.45900952
    2178         6.89390996
    2206         8.51317778
    2235         7.27833094
    2264         7.12840904
    2292         7.59729746
    2321         7.68958943
    2350         7.47431799
    2378         7.28413868
    2407         6.99148830
    2436         6.35215097
    2464        11.41589057
    2493         7.23128496
    2522         6.84202151
    2550         6.59457444
    2579         8.85039671
    2608         8.99702602
    2636         8.26464826
    2665        10.00953471
    2694         8.30277803
    2722         8.27625744
    2751         8.72749186
    2780         7.47958554
    2808         7.53830653
    2837         9.63019861
