# Ni0                  T
       1         0.99882864
      28         2.68787138
      57         3.36035528
      85         4.67514725
     114         4.36799519
     143         5.37759182
     171         3.78338556
     200         5.86995583
     229         4.65197391
     257         4.86229062
     286         7.08766334
     315         6.00109142
     343         7.75628056
     372         5.58842795
     401         5.35489620
     429         5.12965720
     458         6.97724027
     487         7.48625543
     515         7.93209535
     544         6.28078129
     573         6.51166453
     601         6.85800834
     630         5.42438594
     659         7.23398769
     687         7.69059728
     716         7.50653232
     745         5.63193969
     773         8.15682026
     802         8.40160347
     831         5.60135351
     859         5.61792880
     888         7.15094288
     917         6.76763784
     945         8.13508749
     974         8.97754448
    1003         7.55477861
    1031         9.17393270
    1060         7.11101382
    1089         7.06570593
    1117         8.26472130
    1146         6.58406370
    1175         8.22144167
    1203         6.62609356
    1232         6.59522435
    1261         7.96099227
    1289         7.59067016
    1318         7.19845991
    1347         9.00384973
    1375         7.37259870
    1404         7.05539236
    1433         7.46592005
    1461        11.27208795
    1490        10.38663051
    1518         7.10117418
    1547         7.45578544
    1576         6.29361241
    1604         6.93408874
    1633         7.54677030
    1662         7.43724473
    1690         8.00804988
    1719         7.79365638
    1748         6.61448886
    1776         7.49981640
    1805         7.43751649
    1834         6.27400774
    1862         8.02502526
    1891         6.34864972
    1920         6.70041291
    1948         7.10631794
    1977         8.35890219
    2006         7.35008876
    2034         8.75486154
    2063         9.73709519
    2092         8.98953765
    2120         6.38905703
    2149         8.85796789
    2178         7.49540003
    2206         6.93083105
    2235         7.06442592
    2264         6.58317769
    2292         9.15110361
    2321         9.84251266
    2350         9.98698240
    2378         8.86606659
    2407         8.96098637
    2436         8.99267201
    2464         7.43725906
    2493         7.35877934
    2522         7.75632060
    2550         8.77498021
    2579         7.14521413
    2608         7.93295476
    2636        10.20427233
    2665         7.81811481
    2694         9.63010268
    2722         6.96555588
    2751         9.53688060
    2780         9.47873381
    2808         8.03374465
    2837        15.64353525
