14688
14640
14640
14640
14688
14688
14688
14688
14688
14688
14688
14688
14688
14688
14688
14688
14688
14688
14688
14688
14688
14688
14688
14688
14688
14688
14688
14688
14688
14688
14688
14688
14688
14688
14688
7494
7494
7494
7494
7494
7494
7494
7494
7494
7494
7494
7494
7494
7494
7494
7494
7494
7494
7494
7494
7494
7494
7494
7494
7494
7494
7494
7494
29386
29386
29386
29386
29386
29386
29386
29386
29386
29386
6968
6968
6968
6968
6968
29386
6968
6968
6968
6968
6968
6968
6968
6968
6968
6968
6968
6968
6968
6968
6968
6968
6968
6968
6968
6968
6968
