# Ni0                  T
       1         2.01773647
      28         5.55550096
      57         5.33099107
      85         4.79950234
     114         4.73095018
     143         5.40020463
     171         5.36149109
     200         8.73143023
     229         7.45042969
     257         8.07619981
     286         6.01224640
     315         5.86366042
     343         7.52145226
     372         7.29162898
     401         6.70215337
     429         7.58577146
     458         5.11185864
     487         5.55985177
     515         6.28403715
     544         8.30412691
     573         6.83853559
     601         8.04554871
     630         8.11624893
     659         7.21531360
     687         6.41813233
     716         7.58974902
     745         7.97671331
     773         6.73971913
     802         7.71215726
     831         7.24994358
     859         8.19883852
     888         9.72878601
     917         7.79335620
     945         7.47746771
     974        10.47903327
    1003         7.40080347
    1031         6.76735617
    1060         7.05696698
    1089         7.53368706
    1117         7.87699301
    1146         7.76519816
    1175         6.93717817
    1203         7.80973546
    1232         6.46346091
    1261         7.80001470
    1289         6.69346681
    1318         8.57949915
    1347         7.32062688
    1375         7.48508470
    1404         6.90114957
    1433         6.22375837
    1461         5.96345818
    1490         9.91390552
    1518         7.92868325
    1547         6.03930859
    1576         8.26864516
    1604         8.01254969
    1633        10.18498114
    1662         8.06662908
    1690         8.00811697
    1719         8.41547110
    1748        11.16372444
    1776         9.19225316
    1805         9.40491636
    1834         9.37717592
    1862         8.30005381
    1891         7.74642877
    1920         6.34693887
    1948         6.44252572
    1977         6.52808293
    2006         7.72155411
    2034         8.41737358
    2063         8.52490085
    2092         9.19641975
    2120        11.03303573
    2149         7.31870873
    2178         9.10075486
    2206         8.26966614
    2235         8.56384931
    2264         8.00430164
    2292        11.60552870
    2321        10.48595186
    2350        12.05359549
    2378         8.75912769
    2407         8.52268961
    2436         9.46600888
    2464         9.28816921
    2493         7.42524143
    2522         9.13525607
    2550         7.48170031
    2579         8.40655955
    2608         9.26278142
    2636         6.53020119
    2665         7.89874949
    2694         7.57041619
    2722         7.41846389
    2751         7.66158299
    2780         7.89388069
    2808         7.14504684
    2837         9.41187747
