# Ni0                  T
       1         0.19399616
      28         3.87151894
      57         3.45196099
      85         4.82413239
     114         3.92970716
     143         3.86995366
     171         4.83596439
     200         7.58891838
     229         6.35254697
     257         4.96867290
     286         5.71527769
     315         4.99713347
     343         7.07658461
     372         7.50303856
     401         8.50727794
     429         5.64020786
     458         6.54208735
     487         6.84207855
     515         8.22388512
     544         6.49340101
     573         9.11235586
     601         5.81683000
     630         6.41049083
     659         8.83513214
     687         6.08736273
     716         5.78665631
     745         6.08236915
     773         5.82737470
     802         7.39015603
     831         6.28970419
     859         7.80138891
     888         7.50272448
     917         8.41704999
     945         6.71384725
     974         8.45913914
    1003         8.28708143
    1031         8.01780617
    1060         7.11764372
    1089         8.10297763
    1117        10.42167349
    1146         7.84707203
    1175         7.04409988
    1203         7.51391951
    1232         5.28953161
    1261         6.49993543
    1289         6.54459375
    1318         8.72474123
    1347         7.24868421
    1375         9.59098418
    1404         8.73832378
    1433         7.20074236
    1461         6.14941114
    1490         7.04196559
    1518         7.78499220
    1547         8.16009779
    1576         7.20677170
    1604        11.92468729
    1633         8.23307515
    1662         8.08676323
    1690         7.45988554
    1719         6.52156625
    1748         8.02360111
    1776         9.21146883
    1805         6.83605501
    1834         8.70626685
    1862         9.49065029
    1891         7.05791083
    1920         8.30986131
    1948         8.03490702
    1977         8.65929938
    2006         8.16823203
    2034        10.82390151
    2063         7.60951439
    2092         9.66659712
    2120         6.88846398
    2149         8.64781165
    2178         7.62155695
    2206         9.24770910
    2235         7.72070036
    2264         8.71411521
    2292         7.15835481
    2321         9.72571620
    2350         7.40342486
    2378         8.73962296
    2407         8.02926066
    2436         7.71483481
    2464         7.93373223
    2493         9.04989548
    2522         7.06471081
    2550         7.83211419
    2579         8.20975556
    2608        12.32841239
    2636         7.99825532
    2665         7.11425451
    2694         8.93730930
    2722         7.76313919
    2751         8.46078411
    2780         7.39368594
    2808         7.12507823
    2837         9.11373570
