4224
1140
4404
1140
4404
1140
4404
1140
4404
4404
4404
4404
4404
1140
4404
1140
1140
1140
1140
1140
1140
1140
4404
1140
1140
1140
1140
1140
1140
1140
4404
1140
1140
1140
1140
1140
1140
1140
1140
1140
4404
4404
4404
4404
1140
4404
4404
1140
1140
1140
1140
4404
4404
4404
1140
4404
1140
1140
1140
1140
1140
1140
1140
4404
4404
4404
4404
4404
4404
1140
1140
1140
4404
4404
4404
4404
4404
4404
4404
1140
1140
4404
4404
4404
4404
4404
4404
1140
1140
4404
1140
1140
4404
1140
1140
4404
4404
1140
1140
4404
