# Ni0                  T
       1         0.94791651
      28         5.20655257
      57         3.59592400
      85         5.64323144
     114         5.90133983
     143         5.93154559
     171         9.25525364
     200         5.59688076
     229         4.61339646
     257         6.54197560
     286         5.31225667
     315         6.14424431
     343         5.73201858
     372         5.82321371
     401         6.71236350
     429         6.75469404
     458         8.32585435
     487         5.20888471
     515         8.62501929
     544         7.76909223
     573         6.87810760
     601         7.60904267
     630         8.59766465
     659         7.15780155
     687         6.23988987
     716         6.25787131
     745         5.72986008
     773         7.61088347
     802         8.83768468
     831         8.34904671
     859         5.37756509
     888         9.68916146
     917         7.21582498
     945         8.86670308
     974         5.92136119
    1003         5.97641157
    1031         9.96298900
    1060         8.25038021
    1089         7.10717631
    1117         8.65024155
    1146         7.73402227
    1175         8.01541620
    1203         7.05265912
    1232         6.02128440
    1261         7.05940107
    1289         9.06505452
    1318         7.67713316
    1347         8.27986613
    1375         7.63143266
    1404         7.36562518
    1433         6.55639703
    1461         6.79685145
    1490         6.97217304
    1518         8.46221318
    1547         7.88145904
    1576         9.71307653
    1604         7.66914768
    1633         5.67807090
    1662         8.41339387
    1690         8.21450510
    1719         8.93588801
    1748         9.04436910
    1776         8.60887209
    1805        10.65077818
    1834         8.03443933
    1862        10.17439274
    1891         9.39531570
    1920         7.62924600
    1948         8.22522426
    1977         6.47679795
    2006         7.04775489
    2034         7.47949103
    2063         9.29170692
    2092        10.03493434
    2120        10.29015990
    2149         7.61451901
    2178        11.31426015
    2206         8.30808673
    2235         7.44321991
    2264        11.28697868
    2292        13.02392589
    2321         8.08456912
    2350         9.75729451
    2378         8.11600391
    2407         8.92323098
    2436        10.89470618
    2464         9.30444551
    2493         6.82406907
    2522         8.86558409
    2550         8.65845082
    2579         6.68303256
    2608         6.72613744
    2636        10.01544639
    2665         9.35907387
    2694        12.76862646
    2722         7.73932713
    2751         7.26566619
    2780        10.18612286
    2808         7.46675007
    2837         9.18518777
