1242
1242
1242
1242
1242
1242
11656
1242
1242
1242
1242
1242
1242
1242
1242
1242
1242
1242
1242
1242
1242
1242
1242
1242
1242
1242
1242
1242
1242
1242
1242
1242
1242
1242
1242
1242
1242
1242
1242
1242
1242
1242
1242
1242
1242
1242
1242
1242
1242
1242
1242
1242
1242
1242
1242
1242
1242
1242
1242
1242
1242
1242
1242
1242
1242
1254
1254
1254
1254
1254
1254
1254
1254
1254
1254
1254
1254
1254
1254
1254
1254
1254
1254
1254
1254
1254
1254
1254
1254
1254
1254
1254
1254
1254
1254
1254
1254
1254
1254
1242
