# Ni0                  T
       1         2.39722671
      28         3.01387455
      57         4.65113446
      85         5.05912650
     114         4.57464475
     143         6.39883837
     171         4.43363905
     200         5.88116959
     229         4.90181764
     257         6.81854452
     286         6.50613956
     315         5.82124851
     343         6.37712083
     372         9.23734936
     401         5.95756333
     429         5.65862870
     458         4.80216405
     487         6.21695068
     515        11.75447761
     544         6.18917822
     573         6.72223169
     601         6.77684003
     630         5.49370022
     659         6.70331895
     687         6.50089170
     716         7.39380337
     745         7.01528399
     773         6.74365077
     802         6.87638517
     831         5.72837235
     859         6.03435502
     888        11.37033299
     917         5.95597636
     945         8.12051109
     974         7.81936446
    1003         7.59256965
    1031         9.87935448
    1060         6.91838781
    1089        10.25864025
    1117         8.78155901
    1146         7.06816926
    1175         8.70523788
    1203         6.95743587
    1232         6.73376284
    1261         7.10723274
    1289         8.48093243
    1318         7.91767637
    1347         7.94898170
    1375         7.10135718
    1404         5.90476758
    1433         7.93636234
    1461         6.62822977
    1490         6.82781597
    1518         7.39024059
    1547         7.52596092
    1576         5.30615022
    1604         8.67004823
    1633         8.49553663
    1662         7.46669580
    1690        10.06842311
    1719         7.67756066
    1748         7.63935261
    1776         8.76136617
    1805         7.42014839
    1834         7.00636375
    1862         8.33748407
    1891         7.43778763
    1920         8.94724572
    1948        10.10603581
    1977         6.63863412
    2006         8.83537744
    2034         7.09665274
    2063         7.16638699
    2092         8.73355819
    2120         9.31372618
    2149         8.29695342
    2178         7.00346270
    2206         8.66962415
    2235         7.96452293
    2264         7.92684140
    2292         8.30253229
    2321         9.89153605
    2350         8.29336803
    2378         9.13329000
    2407         8.40317783
    2436         6.83785631
    2464         8.91882548
    2493         7.96830966
    2522        10.02756567
    2550         7.72287834
    2579        12.26735311
    2608         7.13900507
    2636        12.83154529
    2665         9.35462991
    2694        12.76778216
    2722         7.73894305
    2751         7.26521034
    2780        10.18535171
    2808         7.44408885
    2837         9.18468433
