# Ni0                  T
       1         1.13236661
      28         4.78232751
      57         5.00872538
      85         4.98375822
     114         8.73352255
     143         3.90845897
     171         4.86043944
     200         7.15229762
     229         7.20815396
     257         7.85896504
     286         5.60097679
     315         5.20784541
     343         6.58915850
     372         7.10968586
     401         5.86602231
     429         4.53332293
     458         7.43745863
     487         5.02570705
     515         6.74650558
     544         6.45662022
     573         8.65724036
     601         7.27836978
     630         5.91986998
     659         9.61695722
     687         6.99619936
     716         5.94109843
     745         8.47664080
     773        10.91056368
     802         7.40281733
     831         9.25219278
     859         8.92849464
     888         6.94524002
     917         6.62966025
     945         9.49764346
     974         7.16731236
    1003         7.97960982
    1031         6.38331126
    1060         5.81581121
    1089         7.64068833
    1117         7.10978685
    1146         7.76006860
    1175         6.93484113
    1203         6.78577780
    1232         7.81661937
    1261         7.86528615
    1289         8.41797657
    1318        10.41424922
    1347         7.72208890
    1375         6.53636011
    1404         8.74654131
    1433         6.75251472
    1461         9.57749751
    1490         7.71244422
    1518         7.34377168
    1547         6.39679213
    1576         6.40024389
    1604         9.64708628
    1633         8.73365948
    1662        10.18692896
    1690         7.27560527
    1719         8.12498580
    1748        11.84017864
    1776         7.74077051
    1805         6.85220884
    1834         8.19333437
    1862         8.95638192
    1891         9.82180315
    1920         8.92664467
    1948         7.03972378
    1977         7.95403390
    2006         8.39116970
    2034         9.84679595
    2063         6.88971584
    2092         7.86421796
    2120         7.16522727
    2149         8.47482907
    2178        10.94657776
    2206         7.94398206
    2235         6.56432177
    2264         7.63731983
    2292         7.12826212
    2321        10.99601522
    2350         7.43864327
    2378         7.28251265
    2407         8.97484612
    2436         6.85063731
    2464         9.70705407
    2493         9.14044566
    2522         8.45154814
    2550         9.07406102
    2579         6.49915375
    2608         7.13870928
    2636         8.09958953
    2665         8.86905387
    2694        11.70854176
    2722        10.46449271
    2751         6.84715670
    2780         8.67918724
    2808         9.20182206
    2837         8.85406428
