# Ni0                  T
       1         1.01710531
      28         6.75459798
      57         8.15825581
      85        10.17104374
     114         6.19618435
     143         5.11636271
     171         7.94856583
     200        11.20119671
     229         7.51675303
     257        11.61090537
     286        12.56458479
     315         9.71727916
     343         9.98908051
     372        11.23290023
     401        10.45198909
     429         9.56858475
     458        19.35176826
     487         6.99775419
     515        12.06655093
     544         9.97748497
     573        13.64567116
     601        10.04705009
     630         7.72768195
     659         9.54804039
     687        15.44872803
     716        11.33700296
     745         8.49833775
     773        10.40269735
     802        17.21945247
     831        12.24545377
     859        12.84589243
     888         8.63754841
     917        10.06224798
     945        11.92262478
     974        11.34033800
    1003        10.10803281
    1031        10.49772498
    1060         8.52768246
    1089        15.32131907
    1117        11.90095998
    1146        11.13390967
    1175        11.74372301
    1203        12.83409692
    1232        11.15140186
    1261        12.74499998
    1289        12.67821597
    1318         9.18167193
    1347        12.57855473
    1375        14.23617539
    1404        11.95260354
    1433         9.98176524
    1461        10.64897164
    1490        10.72143396
    1518        16.43202815
    1547        10.70468840
    1576         7.91323886
    1604        11.74169691
    1633        18.43561158
    1662         8.88679039
    1690        11.81136429
    1719        12.52592227
    1748        11.64428745
    1776        15.57801595
    1805        21.95506207
    1834         9.46206388
    1862         9.18754737
    1891        11.82979372
    1920        11.33638948
    1948        11.83311130
    1977         9.18332430
    2006        20.53759333
    2034        15.10844847
    2063        10.06025147
    2092        10.88690028
    2120        10.78505333
    2149        14.83568126
    2178        10.46889526
    2206        14.11778201
    2235        12.25184527
    2264        12.56048191
    2292         9.62795937
    2321        13.44356663
    2350        12.20154468
    2378        10.40983280
    2407        11.95001739
    2436        11.19605863
    2464        17.61431218
    2493        20.21376130
    2522        17.21493767
    2550        14.99861176
    2579        12.14584525
    2608        13.59602251
    2636        10.84372467
    2665         9.80256302
    2694        17.71797390
    2722        14.31496374
    2751        11.53439001
    2780        14.19757476
    2808        13.88545830
    2837        10.91612496
