3998
19694
3998
3998
3998
3998
3998
3998
3998
3998
3998
3998
3998
3998
3998
3998
3998
3998
3998
3998
3998
3998
3998
3998
3998
3998
3998
3998
3998
3998
3998
3998
3998
3998
3998
3998
3998
3998
3998
3998
3998
3998
3998
3998
3998
3998
3998
3998
3998
4232
4232
4232
4232
4232
4232
4232
4232
4232
4232
4232
4232
4232
4232
4232
4232
4232
4232
4232
4232
4232
4232
4232
4232
4232
4232
4232
4232
4232
4232
4232
4232
4232
4232
4232
4232
4232
4232
4232
4232
4232
4232
4232
4232
4232
4232
4232
4232
4232
4232
4232
