# Ni0                  T
       1         0.08838692
      28         3.47246979
      57         5.60678505
      85         4.80284378
     114         6.42062691
     143         6.99711339
     171         6.85851004
     200         4.89675263
     229         5.43668933
     257         4.74191048
     286         9.54704181
     315         6.43005376
     343         6.15981410
     372         7.17980642
     401        10.71326051
     429         6.79021000
     458        10.66140481
     487         8.01452463
     515         9.12387046
     544         8.08331978
     573         8.85586228
     601         6.85302763
     630         7.53219730
     659         9.39173300
     687        11.01088498
     716         8.43191871
     745         9.05635774
     773         8.64944229
     802         7.10291993
     831         8.65167264
     859        10.38748066
     888        10.56253213
     917         9.77813628
     945         8.00734773
     974         7.98255343
    1003        11.22566508
    1031         8.14855874
    1060         8.24825431
    1089         6.39866159
    1117         9.58037064
    1146         9.03946635
    1175        13.09342322
    1203         7.07540870
    1232         9.72534765
    1261         6.61626070
    1289         9.02339415
    1318        11.08886375
    1347         9.46183898
    1375         7.82112372
    1404        10.35597629
    1433         7.32180333
    1461         6.35921618
    1490         6.99395877
    1518         7.98829068
    1547        11.24863824
    1576        10.01372097
    1604         7.15762548
    1633         8.59917122
    1662        10.60785721
    1690         8.32018321
    1719         7.57286404
    1748         5.96076983
    1776         8.77586424
    1805        10.56804830
    1834         8.23821276
    1862         8.95938675
    1891         8.33148698
    1920         8.85301742
    1948         6.68345595
    1977         8.59068960
    2006         8.63776924
    2034         9.24836661
    2063         7.57065079
    2092         8.04654228
    2120        10.03321632
    2149         8.74925139
    2178         7.49687962
    2206        15.27063321
    2235         8.11982077
    2264         9.38404991
    2292         8.45462168
    2321         9.38245692
    2350         9.51537775
    2378         7.63597979
    2407         8.08136515
    2436         9.76174416
    2464         8.16511412
    2493         8.63556243
    2522         8.42029667
    2550         8.09515123
    2579         7.75024290
    2608         8.33250670
    2636        10.77703685
    2665         6.79879470
    2694         7.91333728
    2722        10.22349360
    2751         9.01968789
    2780         9.93175625
    2808        12.73714092
    2837        13.59940857
