# Ni0                  T
       1         2.19678139
      28         4.86950695
      57         4.29165878
      85         5.22711639
     114         6.18450831
     143         4.86515880
     171         6.07095887
     200         5.30277372
     229         6.82591281
     257         6.89283672
     286         4.27485833
     315         8.07797708
     343         5.51290018
     372         8.72727756
     401         5.97486773
     429         6.67581907
     458         7.31471987
     487         5.15604320
     515         5.65223469
     544        12.20276535
     573         8.69264139
     601         6.72762062
     630         5.55834656
     659         7.23566049
     687         6.72986712
     716         8.63636557
     745         6.01595172
     773         9.47306177
     802         7.05924234
     831         6.10185155
     859         9.01906627
     888         9.54360700
     917         6.44516363
     945         8.45197650
     974         7.02753166
    1003         7.59375792
    1031         6.85108379
    1060         7.48684972
    1089         6.24558063
    1117         6.86364716
    1146         9.47455789
    1175         8.83365325
    1203         7.82189488
    1232         6.77394890
    1261        12.47763836
    1289         9.36171314
    1318         7.64454619
    1347         7.82650892
    1375         6.63104834
    1404         7.61118409
    1433         6.54764817
    1461         7.94318572
    1490         7.54140246
    1518         6.87026721
    1547         8.87157158
    1576         7.18371754
    1604        12.58995188
    1633         7.01104608
    1662         6.59528036
    1690         8.83001850
    1719         6.82854047
    1748         8.32873202
    1776         7.97053838
    1805         8.37957114
    1834         7.06964250
    1862         9.56406507
    1891         8.48155882
    1920         8.38152712
    1948         7.56482316
    1977         8.24567412
    2006         8.31773366
    2034         8.22641240
    2063         7.48455897
    2092         7.84712863
    2120         8.27619551
    2149         7.44480526
    2178         9.14918289
    2206         8.72592746
    2235         9.08123511
    2264         9.21652544
    2292         8.97295247
    2321         7.43568467
    2350         7.38110311
    2378        10.55531088
    2407         6.79020155
    2436         9.35099298
    2464         7.47635262
    2493         9.26877827
    2522         9.40683502
    2550         7.68026721
    2579         7.10147142
    2608         6.65161799
    2636         7.86336646
    2665         7.27239945
    2694         9.36480560
    2722         7.23159192
    2751         7.31074015
    2780         8.82609158
    2808         8.38521152
    2837         8.22856470
