1926
1926
1174
1174
1174
1174
1926
1174
1174
1174
1174
1174
1174
1926
1174
1174
1174
1174
1174
1174
1174
1174
1174
1926
1926
1926
1926
1926
1926
1926
1926
1926
1174
1174
1174
1174
1926
1926
1174
1926
1926
1926
1174
1174
1174
1174
1174
1174
1174
1174
1174
1174
1174
1174
1174
1174
1174
1174
1926
1926
1926
1926
1926
1926
1174
1174
1174
1174
1174
1174
1926
1926
1926
1926
1926
1926
1926
1926
1926
1926
1174
1926
1926
1926
1926
1926
1926
1926
1926
1174
1174
1174
1174
1174
1174
1174
1174
1174
1174
1174
