# Ni0                  T
       1         1.03084901
      28         2.63351188
      57         7.34331510
      85         5.31372098
     114         8.49150901
     143         5.71418557
     171        13.03916615
     200         7.34905489
     229         6.28188478
     257         6.23995489
     286         9.03735049
     315        11.92327772
     343         7.56933309
     372         7.55667885
     401         7.51785538
     429         6.89538784
     458        12.18238013
     487         8.77233221
     515         8.17289649
     544         7.77354423
     573         8.03077320
     601         5.89240619
     630         6.83412758
     659         6.62608846
     687         7.16015658
     716         7.06103277
     745         7.22379427
     773         6.95984075
     802         9.44968516
     831         7.99217400
     859         6.67478601
     888         8.06917897
     917        12.25769072
     945         7.35357080
     974        10.45569699
    1003         8.93186223
    1031         8.62904706
    1060         7.66368064
    1089        11.39499789
    1117         8.08975531
    1146         9.84055948
    1175         7.96446160
    1203         7.95015146
    1232         9.05215840
    1261        10.61020154
    1289         8.77970135
    1318         6.94087822
    1347         6.72799786
    1375        10.25956948
    1404         9.71754050
    1433         7.40912132
    1461         7.15380960
    1490         8.93565764
    1518         8.77372795
    1547         7.09175797
    1576        10.40790892
    1604        12.17342320
    1633         6.86671030
    1662        13.62207126
    1690         6.17140497
    1719         7.64049690
    1748         8.23343882
    1776         8.76425128
    1805         9.09793516
    1834         9.08926169
    1862        12.25790679
    1891         9.91881632
    1920        10.74547978
    1948         9.87367683
    1977         8.50924231
    2006         9.61117720
    2034         9.87054678
    2063         7.41894768
    2092        10.52963130
    2120         9.00928935
    2149         8.69510766
    2178         8.06086067
    2206         8.83020174
    2235         8.38185893
    2264        10.19746620
    2292         8.96784901
    2321         7.78203919
    2350         9.55410380
    2378         8.31438516
    2407         8.61803373
    2436         7.94646860
    2464        10.43567321
    2493         9.91913111
    2522         7.04185227
    2550         7.88288620
    2579         7.97781850
    2608         8.13327327
    2636        11.98511166
    2665         7.15378097
    2694         8.93972445
    2722         9.57789951
    2751        14.33958526
    2780         7.43763907
    2808        10.79201642
    2837         8.17580792
