# Ni0                  T
       1         3.19648081
      28         3.21417076
      57         5.35616475
      85         4.25530050
     114         5.36347306
     143         3.99393018
     171         6.36106394
     200         5.52078557
     229         7.04886412
     257        11.72444232
     286         8.43874702
     315         5.83286178
     343         8.52696214
     372         8.70122251
     401         7.55093554
     429         7.34216573
     458         7.10199770
     487        10.09485174
     515         8.68037394
     544         8.21363663
     573         6.05543499
     601         7.18196591
     630         5.06976554
     659         7.03903936
     687         6.55659741
     716         6.09855611
     745         6.84667614
     773         8.36337913
     802         6.72800628
     831         8.66508333
     859         5.77653491
     888         6.37374780
     917         9.20714089
     945         7.79998838
     974         8.80004910
    1003         8.02789609
    1031         9.28852473
    1060         6.73868528
    1089         7.25334676
    1117         5.70802138
    1146         8.79152183
    1175         7.51202627
    1203        10.55597851
    1232         7.55032358
    1261         9.16568437
    1289         9.63726894
    1318         8.05658266
    1347         8.46747287
    1375         7.05570510
    1404         7.35755375
    1433         6.02820573
    1461         6.06801021
    1490         7.82666255
    1518         7.45011310
    1547         6.78319650
    1576         9.24726958
    1604         7.00699209
    1633         9.25273501
    1662         8.04039966
    1690         7.79026319
    1719         9.15418599
    1748         9.39383400
    1776        10.48179402
    1805        12.33024895
    1834         7.57834121
    1862         8.43169191
    1891         7.89898397
    1920         8.87629435
    1948         8.32652392
    1977         9.19131259
    2006         7.03795813
    2034         9.08442910
    2063         9.15362963
    2092         8.18273951
    2120         9.32065234
    2149         7.22475230
    2178         8.20555036
    2206        10.44176259
    2235         8.39570196
    2264         7.67056826
    2292         8.19045023
    2321         7.44879735
    2350         7.22583179
    2378         9.39922352
    2407         8.75883965
    2436         8.49393635
    2464         9.83780490
    2493         8.91572784
    2522         8.28190456
    2550         8.64115219
    2579         8.47435559
    2608         7.87195079
    2636         7.39785500
    2665         8.63990748
    2694         8.76294573
    2722         8.22226678
    2751        12.59384456
    2780         8.22120025
    2808         8.22091427
    2837         9.26396679
