# Ni0                  T
       1         0.06687345
      28         5.18429212
      57         6.11191182
      85         4.39142758
     114         7.30106406
     143         6.77137499
     171        10.73807749
     200         9.74796132
     229         7.40601482
     257         6.03257837
     286         7.53000304
     315         5.95252302
     343         5.97179594
     372         5.78556721
     401         6.21771768
     429         5.48617490
     458        10.46979349
     487         5.78733892
     515         7.31766350
     544         6.49311904
     573         5.42128536
     601         7.76532135
     630         8.17526011
     659         7.08973076
     687         9.32675093
     716        12.18957216
     745         5.42317511
     773         8.84125572
     802         6.31542178
     831         7.45727018
     859         6.12096714
     888         7.86687800
     917         7.49139819
     945         7.72638644
     974         9.51622824
    1003         7.71533109
    1031         5.84602344
    1060         6.55719788
    1089         8.67825126
    1117         6.41733710
    1146         8.49076953
    1175         6.34639385
    1203         7.50431366
    1232         7.10341841
    1261         8.67631169
    1289         8.77466287
    1318         7.99035997
    1347         8.17282185
    1375         7.80576214
    1404         8.64828728
    1433         9.59449093
    1461         9.89643050
    1490         9.39751396
    1518        10.18587784
    1547         6.89737067
    1576         6.38129172
    1604         9.87013797
    1633         8.56753225
    1662         7.22385779
    1690         7.81432121
    1719         9.72463338
    1748        10.13463532
    1776         7.57295330
    1805         6.78666965
    1834        12.25700276
    1862         7.22789723
    1891         8.82605136
    1920         8.54535157
    1948        13.36076031
    1977         7.66800409
    2006        10.24079577
    2034        11.24495899
    2063         7.75378807
    2092         8.62318264
    2120         6.49917710
    2149        12.14346360
    2178         9.45080793
    2206         8.90836203
    2235         9.54461597
    2264         9.00627251
    2292         7.66979639
    2321        11.41421790
    2350         8.53979582
    2378         8.64396610
    2407         6.40169380
    2436         6.24334735
    2464         9.84239397
    2493        10.07794672
    2522        10.45099629
    2550        14.25822945
    2579         7.49929058
    2608         8.32738776
    2636         9.36485483
    2665         9.66273801
    2694         7.93799028
    2722         7.37691140
    2751        10.64812112
    2780         8.12667093
    2808         7.21661289
    2837         9.75671038
