# Ni0                  T
       1         0.12802819
      28         6.27970269
      57        11.81047859
      85         5.00959993
     114         5.49833382
     143         5.42912433
     171         5.01054694
     200         6.21220410
     229         6.17945247
     257         5.44162056
     286         7.26731982
     315         7.68074505
     343         7.31647385
     372         7.25799750
     401         6.93578374
     429         5.99279628
     458         6.50216508
     487         6.40189605
     515         7.02481870
     544         5.91639871
     573         9.25831306
     601         8.35852935
     630         8.41240352
     659         9.76858719
     687        13.63100258
     716         6.83873859
     745         8.58896852
     773         7.51903174
     802         9.11500868
     831         6.73739357
     859        15.17346322
     888         8.42645285
     917         9.35618060
     945         6.01470279
     974         7.25073948
    1003         6.74800934
    1031         9.74678056
    1060         6.03296209
    1089         7.33789069
    1117         6.92294970
    1146         7.45248307
    1175         7.38925764
    1203         7.21695619
    1232        10.10534002
    1261         6.93030734
    1289         6.88393384
    1318         8.42334574
    1347         7.55745839
    1375         8.84031075
    1404         6.89808567
    1433         6.74002324
    1461        10.87887652
    1490         7.27077420
    1518         7.49115889
    1547         8.09581113
    1576         8.09361100
    1604         6.85796922
    1633         8.61454731
    1662         7.57008080
    1690        10.17027257
    1719         7.38261491
    1748         8.83232004
    1776         8.63009813
    1805        10.23679411
    1834         9.24287087
    1862         7.95228868
    1891        11.24693889
    1920         7.50529215
    1948         7.76303199
    1977         7.24295069
    2006         7.05206077
    2034        10.20616588
    2063         8.71940177
    2092         9.64007407
    2120         6.12479601
    2149        10.44536231
    2178         7.94008030
    2206         8.03869346
    2235         7.32273562
    2264         8.20292815
    2292         7.29787861
    2321         7.15589169
    2350         8.20989993
    2378         7.56352967
    2407         9.73728175
    2436         6.70708916
    2464         8.99095035
    2493         7.66075624
    2522         8.35691970
    2550         7.08112543
    2579         8.36906534
    2608         8.34357040
    2636         7.51092793
    2665         7.78611073
    2694         8.35300601
    2722         8.43479906
    2751         7.81283999
    2780         8.90783703
    2808         7.17891374
    2837         9.87531283
