# Ni0                  T
       1         1.01866695
      28         7.04987297
      57         4.11181992
      85         6.98298022
     114         3.96622809
     143         5.39181170
     171         8.13546713
     200        12.27830838
     229         5.96219546
     257         7.08263293
     286         9.50425348
     315         7.72457466
     343         7.21374857
     372         9.61906450
     401         8.79511439
     429         8.49178125
     458         8.35782616
     487         7.33247194
     515         8.20159818
     544        11.36408389
     573         6.91920618
     601         7.58720933
     630         7.85397254
     659         9.65496161
     687        12.09366482
     716        13.67789700
     745        11.86877418
     773        13.37908290
     802        11.90890270
     831        11.73355620
     859         9.81514258
     888        11.27013074
     917         8.42732323
     945         8.29459971
     974         9.92826528
    1003         9.23211990
    1031        11.28411109
    1060         8.22306634
    1089         9.30696625
    1117        11.31885193
    1146        13.50533826
    1175         8.47801676
    1203         8.54537202
    1232        15.31853679
    1261        10.09068077
    1289        14.58495965
    1318        11.93971074
    1347        11.39500679
    1375         9.06029490
    1404         9.02157797
    1433        10.59033924
    1461        10.43449691
    1490        13.74773783
    1518         9.86434757
    1547        10.38299255
    1576        11.65728837
    1604         9.25764992
    1633        14.11824692
    1662        11.07794069
    1690         8.85670370
    1719        10.65924300
    1748         8.70115034
    1776        11.54153892
    1805        10.04204699
    1834        11.37588860
    1862         9.03500449
    1891        10.79677418
    1920        12.00858620
    1948         9.50165092
    1977        12.11577220
    2006        12.39375144
    2034        10.32135314
    2063        10.41240012
    2092        10.86712951
    2120        11.18379190
    2149         9.25306418
    2178        13.75827960
    2206        14.08637333
    2235         9.09020508
    2264        10.77537965
    2292        13.17485879
    2321         8.42993523
    2350        17.42220035
    2378        10.53808344
    2407        12.78829295
    2436        12.70441945
    2464        11.33204707
    2493         8.89627138
    2522         9.75040950
    2550        11.83739183
    2579         9.66302226
    2608        11.36344015
    2636        10.30235275
    2665        14.19843467
    2694        11.96835853
    2722         9.79925627
    2751         9.26793727
    2780        10.93436201
    2808         9.44107447
    2837        10.61050199
