# Ni0                  T
       1         0.22975022
      28         4.09190807
      57         6.31915936
      85         3.64656105
     114         5.22980920
     143         6.10727098
     171         4.66422188
     200         5.42178576
     229         6.69446378
     257         8.22736101
     286         4.59687376
     315        11.02378054
     343         7.65391050
     372         5.48351071
     401         6.19226532
     429         5.89258914
     458         7.10637320
     487         5.95637106
     515         6.79687256
     544         8.12706945
     573         5.64818656
     601         7.78126174
     630         7.91887285
     659         5.82205473
     687         8.28003143
     716         5.60626574
     745         6.11675281
     773        12.25269962
     802         8.97590987
     831         6.97561878
     859         6.48294048
     888         7.50986877
     917         7.05500649
     945         7.12167488
     974         6.01063888
    1003         8.23876383
    1031        10.81719100
    1060         5.83703143
    1089         7.26892120
    1117         6.90374588
    1146         6.30422717
    1175         8.17214638
    1203         7.28475263
    1232         6.18949612
    1261         9.26677405
    1289         6.50449611
    1318         9.15318939
    1347         7.96988319
    1375         7.02627778
    1404         8.12914816
    1433         6.02468401
    1461         9.00857918
    1490         6.56546323
    1518         6.94994896
    1547         9.78926853
    1576         6.64988708
    1604         9.41594503
    1633         7.46644762
    1662         8.28034664
    1690         7.97447585
    1719         8.19203849
    1748         7.43095307
    1776         7.22531249
    1805         7.68930295
    1834         7.09895718
    1862         9.17636424
    1891         7.21597790
    1920         6.93086237
    1948         9.28989937
    1977         7.47536039
    2006         6.67126282
    2034         7.82600102
    2063         7.50649435
    2092         6.34312630
    2120         9.84068407
    2149         8.10574761
    2178         7.17918467
    2206         9.46384847
    2235         8.68837172
    2264         6.45316540
    2292         9.48194630
    2321         8.45516886
    2350         6.87581229
    2378         8.53139591
    2407         6.34325558
    2436         9.03248757
    2464        10.94425876
    2493         9.78944918
    2522         7.71454305
    2550         9.49081120
    2579         9.20587209
    2608         8.46251700
    2636         7.22631766
    2665         8.65431388
    2694         7.30264985
    2722         7.78158085
    2751         9.02711070
    2780         8.68574923
    2808         7.20155702
    2837        11.32895219
