# Ni0                  T
       1         5.90866302
      28         4.56918932
      57         4.88993484
      85         6.79417727
     114         4.54790118
     143         4.79147860
     171         4.54549563
     200         5.33214305
     229         5.02480696
     257         5.99961190
     286         5.71136064
     315         4.99466371
     343         7.07231791
     372         7.50140010
     401         6.31902177
     429         5.63665400
     458         5.55508039
     487         6.83924528
     515         8.08222620
     544         6.48967362
     573         7.52809016
     601         5.81411481
     630         7.94408876
     659         8.83359222
     687         6.08570939
     716         5.78467931
     745         6.08065131
     773         5.82508628
     802         7.53654909
     831         5.63270620
     859         7.79888945
     888         7.50071035
     917         8.41464058
     945         7.77972594
     974         7.60338878
    1003         7.56551689
    1031         6.82887548
    1060         7.89926529
    1089         8.29838853
    1117         6.36410597
    1146         7.43310231
    1175         6.43034430
    1203         7.37585540
    1232         6.73417352
    1261         6.29481613
    1289         6.54254478
    1318         8.71651760
    1347         7.24342790
    1375         7.73136639
    1404         8.49716826
    1433         7.19884388
    1461         6.14742839
    1490         7.03998962
    1518         7.41930806
    1547         6.54145992
    1576         9.59265016
    1604         9.81115129
    1633         8.08682827
    1662         8.08499865
    1690         7.33467826
    1719         6.51972409
    1748         7.35706005
    1776         9.20863566
    1805         7.12321966
    1834         8.70068123
    1862         8.24503825
    1891         7.05643419
    1920         8.30755084
    1948         7.43182733
    1977         7.53584503
    2006         9.74534360
    2034         7.26893306
    2063        10.73236818
    2092         7.39464086
    2120         8.62069636
    2149         8.55172227
    2178         8.44700580
    2206         8.36033687
    2235         8.64232863
    2264         8.09193134
    2292         8.61234894
    2321        11.26669792
    2350         7.93300920
    2378         6.88514670
    2407         6.51274755
    2436         7.93481558
    2464         7.67704843
    2493         8.56357282
    2522         8.33265008
    2550         7.64008301
    2579         7.54534083
    2608         8.25953006
    2636         9.43524177
    2665        13.78609988
    2694         7.51128719
    2722         8.36562347
    2751        10.09314890
    2780         7.94389841
    2808         8.80928397
    2837         8.32727322
