# Ni0                  T
       1         0.50869262
      28         3.27816365
      57         3.29732114
      85         4.40350766
     114         4.21085604
     143         4.91098455
     171         5.04777036
     200         5.62338557
     229         4.92824448
     257         5.81917311
     286         8.49121687
     315         6.16917556
     343         7.64834076
     372         6.60008418
     401         7.56279690
     429         7.97901872
     458         7.77812378
     487         7.12060559
     515         9.09123296
     544         8.22331189
     573         6.06880631
     601         7.18895665
     630         5.07483868
     659         7.52763171
     687         8.57988820
     716         6.89766757
     745         6.94196973
     773         7.82829024
     802         6.88795889
     831         8.47449955
     859         7.89754685
     888         6.38555412
     917         8.80985719
     945         7.38871440
     974         6.56591579
    1003         7.74335151
    1031         8.38513377
    1060         6.88793213
    1089         6.34995617
    1117         9.12511699
    1146         7.49915715
    1175         6.85928859
    1203         7.46380081
    1232         9.59276835
    1261         7.30305860
    1289        10.03478710
    1318         7.53549031
    1347         8.63426016
    1375         7.62229077
    1404         8.37185042
    1433         7.09639836
    1461         6.90208296
    1490         7.99374949
    1518         7.44563421
    1547         9.64698531
    1576        10.12480957
    1604         6.81655692
    1633         7.56089780
    1662         7.38392390
    1690         7.85798557
    1719         6.82531638
    1748         8.36323308
    1776         8.14197355
    1805         8.09216297
    1834         8.21490650
    1862         8.62264830
    1891         8.12855642
    1920         7.43375766
    1948        10.11750289
    1977         7.94623497
    2006         7.42644139
    2034         7.63019328
    2063         6.86534527
    2092         9.05041795
    2120         8.16437912
    2149         7.49535991
    2178         6.80166714
    2206         8.02589479
    2235         8.83838295
    2264         9.94985443
    2292         8.30036598
    2321         8.98176221
    2350         9.87756551
    2378        10.81888802
    2407         8.55561871
    2436        10.76549404
    2464         7.81971244
    2493         8.11063909
    2522         6.35662645
    2550         8.52964708
    2579         7.69787033
    2608         8.54023600
    2636         7.53603096
    2665        11.34625994
    2694         6.92110279
    2722         7.45986743
    2751         9.46081842
    2780         8.40950591
    2808         8.23273992
    2837         9.27962314
