# Ni0                  T
       1         1.10777581
      28         2.53096526
      57         3.03466145
      85         6.53078619
     114         6.35218469
     143         4.96913740
     171         7.41422626
     200         5.97967602
     229         8.55786214
     257         5.30454563
     286         6.72301371
     315         5.11783389
     343         6.20562487
     372         9.38699273
     401         7.55962188
     429         8.98798409
     458         8.01309394
     487         7.34193924
     515         8.19178917
     544         7.59367544
     573         8.03880053
     601         7.83961022
     630         7.20797183
     659        14.11242058
     687         7.41699434
     716         7.18525508
     745         6.42242810
     773         6.79387171
     802         5.69955633
     831         8.20094953
     859         7.17942934
     888         7.13602060
     917         6.86874818
     945         9.87346522
     974         8.04512690
    1003         8.18970351
    1031         7.01616240
    1060         8.28791704
    1089         9.20246390
    1117         6.99991059
    1146         6.87789501
    1175         9.86657577
    1203         9.97196065
    1232         7.30247155
    1261         9.06398211
    1289         9.30992648
    1318         6.63352093
    1347        10.64926041
    1375         7.94740251
    1404         9.02701205
    1433         7.51534165
    1461         7.40574182
    1490        10.19832240
    1518         7.16554329
    1547        10.03039986
    1576         8.52721791
    1604         9.04262145
    1633        10.61501406
    1662         8.28691686
    1690        14.14741966
    1719        10.37323060
    1748         7.00053565
    1776         7.93428202
    1805         8.58182887
    1834         7.86888191
    1862         8.68875399
    1891        10.80213089
    1920        11.58917303
    1948         7.63833798
    1977         8.11506128
    2006        10.47954044
    2034         8.05904026
    2063         8.61513082
    2092         9.00067015
    2120        12.19657099
    2149         8.09589386
    2178         9.46168047
    2206        10.74296465
    2235        10.54328191
    2264         9.47861534
    2292         8.66181779
    2321         9.01709190
    2350         7.05838820
    2378        11.86431055
    2407         8.03520681
    2436         9.32897617
    2464        11.72877869
    2493         8.55275682
    2522         8.67046060
    2550         8.81193743
    2579         9.35426435
    2608         8.61638522
    2636        16.23999311
    2665         8.46634282
    2694        12.43599500
    2722        10.87598880
    2751        15.64359181
    2780         7.99101385
    2808         8.20286338
    2837         8.74724924
