# Ni0                  T
       1         0.27281766
      28         2.64664902
      57         5.50969143
      85         3.81344525
     114         7.48313454
     143         5.51408354
     171         4.32225951
     200         5.53676234
     229         6.68195743
     257         7.35065938
     286         8.17683300
     315         5.25644618
     343         5.96416779
     372         7.46930433
     401         6.99790496
     429         9.89791105
     458         5.82389617
     487         7.11226215
     515         5.93451685
     544         5.02808167
     573         7.44507056
     601         6.27990964
     630         8.08914407
     659         6.68036648
     687        11.37782196
     716         6.78776987
     745         8.82323390
     773         7.36483902
     802         7.86065260
     831         5.93244213
     859         6.91848841
     888         8.40586998
     917         7.56582595
     945         6.51147098
     974         5.76232045
    1003         5.91833376
    1031         8.56085589
    1060         8.98373898
    1089         6.77275896
    1117         9.01140144
    1146         7.67804713
    1175         9.01787370
    1203         9.51645034
    1232         7.77829996
    1261         9.06728510
    1289         7.93758673
    1318         6.55637700
    1347         7.99614117
    1375         8.87108583
    1404         9.46737127
    1433         8.82879410
    1461         9.37049616
    1490         8.72329187
    1518         7.35195378
    1547         7.85761331
    1576         8.36726006
    1604         8.49384638
    1633         7.22770838
    1662         8.28965146
    1690         7.27675179
    1719         8.94674176
    1748         8.96307875
    1776         6.18664798
    1805         8.63155133
    1834         7.93310582
    1862         9.20539668
    1891         7.97277310
    1920         6.52934636
    1948         7.65348929
    1977         7.77382768
    2006         8.98372472
    2034         8.92250909
    2063         8.76633459
    2092         7.94447081
    2120         8.75574137
    2149         6.69647723
    2178         7.85377702
    2206         7.54605080
    2235         8.79809016
    2264         7.28691820
    2292         7.79852154
    2321         9.11354118
    2350         8.33448157
    2378         7.91335288
    2407         8.03140202
    2436        11.77425775
    2464         7.28786357
    2493         9.13231547
    2522        10.01597995
    2550         9.14857568
    2579         7.80636658
    2608        12.23439783
    2636         8.22156846
    2665         9.49788069
    2694        12.27678104
    2722         6.99209068
    2751         7.97544393
    2780        12.76052953
    2808         7.78750617
    2837         8.74095028
