# Ni0                  T
       1         0.44239321
      28         3.54332601
      57         7.48568972
      85         5.29750167
     114         5.99636743
     143         4.26848865
     171         5.05409349
     200         6.16566296
     229         4.85769161
     257         4.80235125
     286         7.75221804
     315         5.00787457
     343         6.62057985
     372         6.01761116
     401         7.71531749
     429         7.10231731
     458         6.58106804
     487         5.61419279
     515         6.26757470
     544         7.37506124
     573         6.57516411
     601         7.22630844
     630         6.23477505
     659         6.80470569
     687         6.64336644
     716         7.22081232
     745         7.55806520
     773        10.15867376
     802         5.98674784
     831         5.56599942
     859         5.89122370
     888         5.87172836
     917         5.07383339
     945         7.40901208
     974         6.96563277
    1003         7.80041676
    1031         6.72794279
    1060         6.07241432
    1089         5.41531568
    1117         5.98530111
    1146         8.87632824
    1175         7.53343998
    1203         8.10423043
    1232         6.71871669
    1261         6.43397833
    1289         6.28880765
    1318         8.34329928
    1347         8.33775169
    1375         7.86340457
    1404         8.35142183
    1433         7.77444347
    1461         8.99875134
    1490        10.73046411
    1518         9.48621618
    1547         7.08617368
    1576         7.65210695
    1604         8.06224401
    1633         9.13609944
    1662         7.94374579
    1690         8.79472583
    1719         7.56409944
    1748         7.16989609
    1776        10.75965697
    1805         9.28030404
    1834         8.49758855
    1862         8.38869764
    1891         7.54112676
    1920         8.47104867
    1948         6.79053772
    1977         8.97661709
    2006         9.25254456
    2034         6.91461573
    2063        10.73210791
    2092         9.61856468
    2120         8.47945253
    2149         9.06584077
    2178         7.95131303
    2206         6.99827277
    2235         8.42607151
    2264         7.85146190
    2292        11.22027533
    2321         9.06860846
    2350         7.51690676
    2378         9.41078002
    2407        11.16085976
    2436         9.57346589
    2464         8.47899103
    2493         8.80072291
    2522         8.96369674
    2550         8.79424585
    2579         9.78826051
    2608         8.05366253
    2636         9.00252869
    2665         7.93814873
    2694         9.19221176
    2722         8.86965010
    2751         7.84028450
    2780         8.48407697
    2808         8.42992878
    2837         8.86921902
