29450
29450
4090
29450
29450
4090
4090
29450
29450
29450
3606
19798
19798
4090
3606
3606
19798
19798
19798
19798
3606
19798
19798
19798
19798
19798
19798
30752
30752
3850
3850
30752
30752
30752
30752
3850
3850
30752
30752
30752
21438
21438
21438
21438
3862
3862
3862
3862
3862
21438
21438
21438
3862
3862
21438
3862
21438
21438
3862
3862
3862
3862
3862
21438
21438
3862
6688
18218
18218
18218
6688
6688
6688
6688
18218
4226
18458
18458
18458
4226
18458
3722
18458
18458
18458
3722
9162
3722
3722
9162
9162
9162
9162
9162
9162
3722
9162
9162
9162
9162
