20824
20824
20824
5906
5906
5906
5906
20824
20824
5906
5906
5906
5906
5906
5906
5906
5906
5906
5906
5906
5906
5906
5906
5906
5906
5906
5906
5906
5906
5906
5906
5906
5906
5906
5906
5906
5906
5906
5906
5906
5906
5906
5906
5906
5906
5906
5906
5906
5906
5906
5906
5906
5906
5906
5906
5906
5906
5906
5906
5906
5906
23606
23606
5906
5906
23606
23606
23606
23606
23606
23606
23606
23606
23606
23606
23606
13244
13244
13244
13244
13244
13244
13244
13244
13244
13244
13244
13244
13244
13244
13244
13244
13244
13244
13244
13244
13244
13244
13244
13244
