# Ni0                  T
       1         2.15541433
      28         2.80055509
      57         4.82017720
      85         5.35459832
     114         5.75505096
     143         4.60876435
     171         4.27904181
     200         7.60556526
     229         5.64845136
     257         6.51446997
     286         6.12421053
     315         7.16079266
     343         6.64656211
     372         5.20737086
     401         6.71890406
     429         7.52408054
     458         6.75088853
     487         6.85296685
     515         7.02516460
     544         8.69391606
     573         5.50498499
     601         5.19008957
     630         8.46755918
     659         6.72072022
     687         8.38565471
     716         7.39566742
     745         8.94440339
     773         7.05503575
     802         7.13828238
     831         7.48284189
     859         7.82531087
     888         7.02951135
     917         6.33783180
     945         8.37939284
     974         6.89989931
    1003         9.07045814
    1031         7.72795428
    1060         6.75712129
    1089         6.59337561
    1117         7.60609684
    1146         7.30380733
    1175        10.53761007
    1203         8.39310300
    1232         7.89135387
    1261         7.21132504
    1289         7.11650743
    1318        12.08400348
    1347         6.51454349
    1375         7.70111437
    1404         7.40241985
    1433         9.33395641
    1461         8.97046108
    1490         8.63438449
    1518         7.02866448
    1547         7.58689898
    1576         7.18458607
    1604         8.45174350
    1633         9.86192776
    1662         6.78911471
    1690         7.39060661
    1719         8.53866682
    1748         9.08187636
    1776         7.41818909
    1805         8.84094769
    1834         6.19789274
    1862         8.15379857
    1891        11.68670009
    1920         9.14071187
    1948         7.50813696
    1977         5.75907576
    2006         6.55709247
    2034         7.62992031
    2063         7.85489296
    2092         6.74502752
    2120         6.56610292
    2149         8.08591005
    2178        14.10998855
    2206         8.30069688
    2235         8.93141531
    2264        11.49446439
    2292         7.71829385
    2321         8.67421031
    2350         6.58547760
    2378         9.46393953
    2407         7.55067587
    2436         8.49216749
    2464         8.81423705
    2493         9.32187737
    2522        10.40588801
    2550         8.65097875
    2579         7.20099358
    2608         7.36244593
    2636         8.03580453
    2665        10.16781637
    2694         9.56819442
    2722         9.03649957
    2751         8.93373990
    2780         8.24566209
    2808         7.50449387
    2837        11.08401968
