# Ni0                  T
       1         0.32756895
      28         4.56596857
      57         6.33860889
      85         5.64106662
     114         4.71056457
     143         4.33559129
     171         5.77443268
     200         4.72931756
     229         5.77061292
     257         6.16871529
     286         5.95266930
     315         5.12833268
     343         7.29208070
     372         4.92757348
     401         6.13286307
     429         5.39161745
     458        11.21922843
     487         6.24740922
     515         5.63247540
     544         7.48554178
     573         6.45787773
     601         7.79265121
     630         7.80220897
     659         5.92930829
     687         6.75366650
     716         5.44180804
     745         6.77494610
     773         4.69623025
     802         6.15090090
     831         6.22826959
     859         6.39801647
     888         7.61988701
     917         6.80360427
     945         8.47172576
     974        13.76205291
    1003         5.87214457
    1031         7.01998364
    1060         9.10530604
    1089         6.62217824
    1117         7.04128906
    1146         7.90747618
    1175         6.40254468
    1203         9.42942475
    1232         8.06652785
    1261         7.30030189
    1289         9.28341887
    1318         7.18383401
    1347         8.26661527
    1375         7.25544038
    1404         6.87644303
    1433         8.00694675
    1461         7.42049453
    1490         7.20941383
    1518         8.41188070
    1547         6.70275119
    1576        10.14184994
    1604        10.54352723
    1633         8.89850737
    1662         8.91645860
    1690         8.90529508
    1719         6.69950831
    1748         8.05899062
    1776         7.18766970
    1805         8.35075439
    1834         6.84530750
    1862         7.76414203
    1891         7.86393191
    1920         7.28844850
    1948         8.10588971
    1977         7.77206553
    2006         7.88789253
    2034         8.45803538
    2063         6.99937973
    2092         8.43111580
    2120         7.86692676
    2149         8.63882616
    2178         8.84130680
    2206        12.45396587
    2235         8.63682559
    2264         6.37784174
    2292         9.01432329
    2321        10.39238387
    2350         9.01275508
    2378         8.45900856
    2407         8.83246608
    2436         8.79815895
    2464         8.30554207
    2493         7.17972601
    2522         7.11729144
    2550        10.30096056
    2579        10.53746966
    2608         9.04528201
    2636         6.89691647
    2665         8.65256579
    2694         9.47613561
    2722        10.03155950
    2751         6.45755790
    2780         9.30230128
    2808         7.13999758
    2837         9.59855982
