1818
1080
1080
1080
1080
1080
1080
1080
1080
1080
1080
1080
1080
1080
1080
1080
1080
1080
1080
1080
1080
1080
1080
1080
1080
1080
1080
1818
1080
1080
1080
1080
1080
1080
1080
1080
1080
1080
1080
1080
1080
1080
1080
1818
1818
1818
1818
1818
1818
1080
1818
1818
1818
1818
1818
1818
1818
1818
1818
1818
1818
1818
1818
1818
1818
1818
1818
1818
1818
1818
1818
1080
1080
1818
1818
1818
1818
1818
1080
1080
1080
1818
1818
1818
1818
1080
1080
1080
1080
1080
1080
1080
1080
1080
1080
1080
1080
1818
1818
1818
