# Ni0                  T
       1         0.27297658
      28         2.65265808
      57         5.51996331
      85         3.82215923
     114         7.49281998
     143         5.52019407
     171         4.32613598
     200         5.54190696
     229         6.69384685
     257         7.36438909
     286         5.50946508
     315         5.26233837
     343         5.71531125
     372         7.30801464
     401         5.52905874
     429         8.51066098
     458         5.83257495
     487         5.02519434
     515         5.75104784
     544         6.74217598
     573         7.46198565
     601         7.12700892
     630         6.80875874
     659         7.51531170
     687         6.77903184
     716         7.44960401
     745         6.61085390
     773         6.32572425
     802         6.63143984
     831         8.13053640
     859         7.81291142
     888         6.39720708
     917         7.43041322
     945         8.33925451
     974         7.42548922
    1003         6.79234866
    1031         7.51440499
    1060         6.26931079
    1089         6.79041888
    1117         7.10992867
    1146         6.31783548
    1175         7.65296311
    1203        10.19274509
    1232         8.46700426
    1261         6.94134772
    1289         8.72017151
    1318         9.60058107
    1347         9.37724103
    1375         7.79430988
    1404         9.06811695
    1433         6.92309753
    1461         7.62792463
    1490         7.42128341
    1518         8.78188111
    1547         9.64559957
    1576         8.32032414
    1604        10.21727366
    1633         7.37250375
    1662         9.76445420
    1690         9.64435849
    1719         9.06054401
    1748         7.06149682
    1776         9.23957805
    1805         7.20032192
    1834         7.99446233
    1862         8.19847083
    1891        11.57218791
    1920         8.52603764
    1948         7.13951755
    1977         8.00996724
    2006         7.63628737
    2034         9.35892220
    2063         8.51399534
    2092         7.49983210
    2120         6.99540295
    2149         9.54910773
    2178         7.56785042
    2206         7.75139369
    2235         9.03580706
    2264         9.10251207
    2292         8.05616470
    2321         8.16285351
    2350        10.87939631
    2378         7.54324789
    2407         8.18020741
    2436         7.38046566
    2464         8.23818566
    2493         8.26819034
    2522         6.67904857
    2550        10.38618304
    2579         8.05258087
    2608         8.75223089
    2636        11.82390167
    2665         8.76134893
    2694         9.72721201
    2722        12.09123063
    2751         8.14693715
    2780         9.05880158
    2808         9.63162304
    2837         8.18184272
