# Ni0                  T
       1         1.51265025
      28         3.36106480
      57         4.82579718
      85         5.70721010
     114         6.55821565
     143         7.40582247
     171         4.52856791
     200         5.94850301
     229         7.24296401
     257         4.92825514
     286         6.06870997
     315         6.79531163
     343         5.38110162
     372         6.95891234
     401         7.31050425
     429         5.16997373
     458         7.24754387
     487         6.94901248
     515         6.44210913
     544         7.41019284
     573         8.54086218
     601         6.51484400
     630         6.44131737
     659         5.74362117
     687         7.64809553
     716        10.24070051
     745        10.88797701
     773         6.65276790
     802         7.27354153
     831         8.94355874
     859         8.91362520
     888         8.32718247
     917        11.25069279
     945         8.98778356
     974         8.10637127
    1003         9.04522113
    1031        10.50898280
    1060         8.59202233
    1089        10.06844868
    1117         9.27688401
    1146        10.31700570
    1175         8.02987571
    1203         8.06088288
    1232         6.92622730
    1261         7.46970592
    1289        11.89065870
    1318         9.11821905
    1347        10.86095521
    1375         7.88070732
    1404         6.95197840
    1433        11.38925916
    1461         7.58916572
    1490         9.22952111
    1518         9.18237632
    1547         8.94564059
    1576        13.23349466
    1604         9.68059031
    1633         7.30265111
    1662         7.71176113
    1690         9.39888453
    1719        10.15492547
    1748         9.60013892
    1776        10.08442544
    1805         9.15449719
    1834         8.83768600
    1862        10.37798606
    1891        11.00580735
    1920         9.25988148
    1948         8.28470543
    1977        11.65020179
    2006        10.06870167
    2034         7.87432503
    2063         8.20344914
    2092         9.09414041
    2120         9.30976622
    2149         9.38720888
    2178        13.63278310
    2206         7.35543079
    2235         9.32169512
    2264         7.90248287
    2292        10.03020366
    2321         8.61491694
    2350         9.03956604
    2378         9.33863708
    2407         9.85795834
    2436        10.82988163
    2464         9.81200894
    2493        10.82573489
    2522         8.23799160
    2550         8.53721051
    2579         7.65957715
    2608        10.13519604
    2636         8.32364165
    2665        16.95606727
    2694        12.83592625
    2722         9.77476526
    2751         8.10189214
    2780         9.36097259
    2808        18.46930561
    2837         8.83309890
