# Ni0                  T
       1         1.30853493
      28         6.56294911
      57         4.87121153
      85         6.20925019
     114        12.54325295
     143         4.22936615
     171         6.47796043
     200         6.02215646
     229         6.96619790
     257         4.89554929
     286         5.92398303
     315         5.32603062
     343         7.45689271
     372         6.57335604
     401         7.83688325
     429         7.17588580
     458         7.75657222
     487         7.30363852
     515         8.57399142
     544         5.61172128
     573         6.66960174
     601         7.91081895
     630         7.28135277
     659         8.60066860
     687         7.64480107
     716         8.98479377
     745         8.26196002
     773         7.87835507
     802         8.23507989
     831        11.09311857
     859         8.77779702
     888         6.64090629
     917         7.14794771
     945         5.92981150
     974         6.21932443
    1003         9.43574331
    1031         6.19531210
    1060         7.52400649
    1089         8.16052146
    1117         9.08826212
    1146         6.64402020
    1175         8.61473999
    1203         9.96505779
    1232         8.21306664
    1261         7.13173650
    1289         5.79747563
    1318         5.89892825
    1347         8.41648176
    1375        15.84211219
    1404         9.08671046
    1433         7.46559342
    1461         8.18673536
    1490         8.34010936
    1518        12.15634118
    1547        12.93761301
    1576         7.69316522
    1604         7.94481317
    1633         8.54127645
    1662         8.23175744
    1690         7.85933437
    1719        10.39132164
    1748         7.92650952
    1776        15.93208184
    1805         8.18597951
    1834         7.32486104
    1862         8.55108020
    1891         9.62515058
    1920         9.64712343
    1948         8.40371902
    1977         9.19484690
    2006         9.21345210
    2034         9.22887208
    2063        10.04561972
    2092        10.59195530
    2120         7.22045693
    2149         7.01219664
    2178         8.29656054
    2206         9.55529531
    2235         8.99518505
    2264         8.72463641
    2292        10.74471493
    2321         7.96551855
    2350         7.52233889
    2378         7.87108405
    2407         8.03203468
    2436         9.02432456
    2464         8.95816806
    2493         8.46310662
    2522         8.42113453
    2550        12.58178486
    2579        10.04338163
    2608         8.62259708
    2636         9.72691075
    2665         8.80918063
    2694         9.50635611
    2722        10.59072503
    2751         6.98971434
    2780        11.24332646
    2808        12.53016573
    2837         6.63332493
