# Ni0                  T
       1         1.61787414
      28         4.56107848
      57         4.93326912
      85         4.83988087
     114         7.39361201
     143         6.15689152
     171         5.17666213
     200         7.15973412
     229         4.50271947
     257         4.82460959
     286         4.65155363
     315         6.92116993
     343         6.76848107
     372         5.58067860
     401         6.46660624
     429         8.58091124
     458         6.07556451
     487         6.24389032
     515         9.14044796
     544         6.80564677
     573         5.60794072
     601         7.40105690
     630         7.00509574
     659         7.61752555
     687         5.93304197
     716         6.94225774
     745         6.45377515
     773         7.58874049
     802         5.93915119
     831         6.56281788
     859         8.58654856
     888         9.69960352
     917         6.43094343
     945         7.58464987
     974         5.06449628
    1003         8.78786520
    1031         6.94422015
    1060         6.91704788
    1089         8.04631743
    1117         6.18790919
    1146         5.95489869
    1175         9.97340087
    1203         9.88218653
    1232         7.67773080
    1261         7.65476218
    1289         8.19348555
    1318         7.41330359
    1347         7.54352949
    1375         7.32860810
    1404         8.55661259
    1433        11.53594372
    1461         6.39695545
    1490         6.21969353
    1518         6.70004486
    1547         8.38804014
    1576        11.47689599
    1604         7.52740539
    1633         6.68966419
    1662         7.80127942
    1690         7.69583392
    1719         7.24920867
    1748         6.93452147
    1776         9.64058300
    1805         6.85140635
    1834        10.72832531
    1862        10.30885091
    1891         9.75756999
    1920         6.99410462
    1948         6.65615611
    1977         6.45258216
    2006         8.77869152
    2034         6.38822868
    2063         7.63056761
    2092         7.59433655
    2120        13.94066546
    2149         6.55742840
    2178         7.41647525
    2206         7.30228864
    2235        13.39924957
    2264         8.10492109
    2292         9.37771082
    2321        12.38550284
    2350         7.56162706
    2378         9.42085700
    2407         7.60693927
    2436         7.67375668
    2464         8.09787060
    2493         8.48674595
    2522         8.09062829
    2550         6.74670104
    2579         8.01626010
    2608        10.78641139
    2636         8.60410718
    2665        10.92969391
    2694         7.60129464
    2722         7.76753683
    2751         7.59038745
    2780         7.62729150
    2808         7.13031096
    2837         7.62955641
