# Ni0                  T
       1         0.02856023
      28         4.44129598
      57         4.98692147
      85         7.75820661
     114        10.31886545
     143         7.47864594
     171         7.16563177
     200         9.89173875
     229         7.25612343
     257         9.12472468
     286        11.43094738
     315         7.12759701
     343        10.54277014
     372         9.69933950
     401        12.48659638
     429        10.64612917
     458         9.19034082
     487         7.85418892
     515         7.38109905
     544        12.22387774
     573         7.67886701
     601        10.38289594
     630        15.19274798
     659         8.25752100
     687         6.25087000
     716         9.25296776
     745         7.93425376
     773         8.87873143
     802        17.57540929
     831        10.81947808
     859         8.00031302
     888        12.79756914
     917         7.68689102
     945         7.91079090
     974        11.88157110
    1003        12.39310833
    1031         8.69857543
    1060         7.26437983
    1089        11.72108346
    1117        23.38267172
    1146        10.98706126
    1175        14.93315235
    1203        12.66729346
    1232        10.10805659
    1261         8.82852067
    1289         7.72803251
    1318        10.70660769
    1347        10.09178120
    1375        13.53725868
    1404        11.28129788
    1433        10.49719866
    1461        11.14973127
    1490        11.20647269
    1518         9.88115595
    1547        13.65203433
    1576        11.76994738
    1604        10.34327962
    1633        16.41560249
    1662        11.61073063
    1690        12.64173486
    1719        10.49070440
    1748        10.95908370
    1776        11.16399027
    1805         9.33706612
    1834         9.62046311
    1862        10.82380715
    1891        12.71392691
    1920        10.64432687
    1948        12.29095298
    1977        11.69768869
    2006        10.45487142
    2034         9.46058140
    2063        10.21618902
    2092         7.80444594
    2120         7.24785912
    2149         8.26738112
    2178         9.19874510
    2206         9.53816387
    2235         8.65756168
    2264        15.68993905
    2292         8.93797810
    2321        10.32349861
    2350        11.18714999
    2378        12.18884321
    2407        10.78981115
    2436        11.57274762
    2464         9.53275904
    2493        15.40939854
    2522         9.79058109
    2550        13.89661289
    2579        14.34019815
    2608        12.72680114
    2636        10.15574690
    2665         9.50515324
    2694         9.42461693
    2722         9.97460992
    2751        11.30365711
    2780        10.43550529
    2808        10.37320767
    2837         9.87728783
