# Ni0                  T
       1         1.02636106
      28         2.57643898
      57         3.39079769
      85        10.49441023
     114         8.67741390
     143         7.37452874
     171         6.30242617
     200         5.78330052
     229         5.28683097
     257         6.81822674
     286         8.47243854
     315        10.01183613
     343         6.68215588
     372         7.00142314
     401         8.08519481
     429         8.18033606
     458         6.25672093
     487         8.60563011
     515        11.26682367
     544         7.21041600
     573         7.90004004
     601         6.34108775
     630         9.05918567
     659         7.05923825
     687        12.51226563
     716        14.09885357
     745        10.53150184
     773        11.44212420
     802         8.60809114
     831         9.16655961
     859         9.54946576
     888         8.07005023
     917         9.39257819
     945         7.97712246
     974         6.67013042
    1003         9.55929094
    1031        11.90674371
    1060        11.67664249
    1089         9.75682191
    1117         7.77915691
    1146        11.31988080
    1175        14.14623006
    1203         7.52061949
    1232        10.92123668
    1261         9.83597484
    1289         8.95518236
    1318         7.49181032
    1347         9.23968428
    1375         8.63345241
    1404        10.25230765
    1433         9.40487176
    1461         8.14116590
    1490         9.32228032
    1518         8.63251602
    1547         9.71082158
    1576        12.70080933
    1604        10.61742680
    1633         7.51082956
    1662        13.00604058
    1690         7.81029280
    1719        13.98271042
    1748        14.84835797
    1776         9.72104730
    1805        10.32403939
    1834        10.12446694
    1862        11.99289191
    1891         9.70625363
    1920         9.46216886
    1948         9.83150567
    1977         9.65903592
    2006        11.01543686
    2034        12.98062038
    2063         8.47758179
    2092         8.91876253
    2120         8.36208070
    2149         6.98096522
    2178        11.25408550
    2206        12.40107710
    2235        11.42701372
    2264        10.23822073
    2292        11.01900343
    2321         7.93601035
    2350         8.13269026
    2378        12.27820315
    2407        13.05603665
    2436         8.47264753
    2464        13.08340942
    2493        10.37831655
    2522         9.25761233
    2550         8.97383618
    2579        10.38070949
    2608         9.92830640
    2636        16.95035974
    2665        10.64530345
    2694        10.67688484
    2722         7.96505797
    2751        11.26329520
    2780         7.77100541
    2808        13.72717779
    2837         8.38745520
