# Ni0                  T
       1         0.25314911
      28         2.56808288
      57         6.32197893
      85         5.18334605
     114         4.27127668
     143         9.75824349
     171         6.11410347
     200         9.14061311
     229         4.71175942
     257         5.05016572
     286         5.55593389
     315         5.30031559
     343        11.00307324
     372         6.25470398
     401         5.26885582
     429         7.79715089
     458         4.98585155
     487         5.81672256
     515         5.95426394
     544         5.61317588
     573         6.40731979
     601         6.93178744
     630        13.42583446
     659         8.05646430
     687         6.93355256
     716         7.73275404
     745        15.48205914
     773         7.14408233
     802         7.66635458
     831        11.04177520
     859         7.90861874
     888         6.78016358
     917         9.26652630
     945         7.99801808
     974         8.69432302
    1003         8.40076635
    1031         7.95348339
    1060         8.15997353
    1089         6.26285200
    1117         7.73560641
    1146         6.36654309
    1175         7.09281571
    1203         9.17942505
    1232         6.35718115
    1261         7.08982263
    1289         8.97116701
    1318         8.28216723
    1347         7.13594351
    1375         8.53357139
    1404         6.61128663
    1433         7.07040185
    1461         6.79907162
    1490        10.04993143
    1518         6.36793759
    1547         7.63539457
    1576         8.09223943
    1604         9.14638757
    1633         8.45431755
    1662        11.17958258
    1690         8.65965151
    1719         9.05088785
    1748         7.02397102
    1776         6.51978512
    1805         6.07517249
    1834         6.93733893
    1862         9.19433539
    1891         9.47620338
    1920         9.29487696
    1948         6.66288437
    1977         7.16535895
    2006         9.71245835
    2034         7.48336084
    2063         7.35474957
    2092        13.44350679
    2120         8.20794323
    2149         8.31153829
    2178         9.64084729
    2206         9.95833956
    2235         9.28615635
    2264         8.79436968
    2292         8.30644070
    2321        12.28656909
    2350         9.30785988
    2378         7.94188108
    2407         9.88563520
    2436         7.93682841
    2464         8.43951633
    2493        13.99267702
    2522         7.17703440
    2550         7.96779909
    2579         9.77279374
    2608         7.60006126
    2636         6.66623472
    2665         9.54741587
    2694         8.88688166
    2722        12.05400143
    2751         7.14626116
    2780         7.52769481
    2808         7.85875391
    2837         9.46992106
