# Ni0                  T
       1         0.36271319
      28         6.36487179
      57         3.51425191
      85         3.80612663
     114         4.50813502
     143         5.47048555
     171         5.35765088
     200         6.03329001
     229         5.86630447
     257         7.14588622
     286         5.08229748
     315         5.14113230
     343         4.98054602
     372         6.56173703
     401         6.28264637
     429         6.24635900
     458         5.29912000
     487         6.67330368
     515         8.12674682
     544         5.66569424
     573         6.74863395
     601         6.52796069
     630         5.87857435
     659         7.36436386
     687         7.99811827
     716         6.74082010
     745        10.20332394
     773         6.13922573
     802         6.78528485
     831        11.76798823
     859         7.44216027
     888         8.01862938
     917         8.36604303
     945         6.67158225
     974         6.97291248
    1003         6.68324662
    1031         6.77355338
    1060         6.24047994
    1089        10.14334294
    1117         6.32366426
    1146         7.06223369
    1175         8.03314670
    1203         7.25141946
    1232         7.01007851
    1261         8.22536235
    1289         5.58569491
    1318        10.25142049
    1347         6.44779118
    1375        10.56497645
    1404         6.94662681
    1433         7.65250246
    1461         6.52109672
    1490         7.12928705
    1518         7.67304589
    1547         7.58604931
    1576         6.06364546
    1604         9.04392349
    1633         7.48574421
    1662         8.97963798
    1690         7.64790116
    1719         6.97845949
    1748         7.08347046
    1776         6.45149280
    1805         8.08442803
    1834         9.37234197
    1862         7.79468487
    1891         5.86991905
    1920         7.01110064
    1948         9.72494671
    1977         7.76997788
    2006         8.15121835
    2034         9.00848944
    2063         6.78712217
    2092         8.81011295
    2120         9.56687927
    2149        11.59960386
    2178         7.33139866
    2206         8.49402154
    2235         7.23151903
    2264         6.15483639
    2292         7.22504099
    2321         8.54079212
    2350         6.04498206
    2378         8.90453833
    2407         7.21980237
    2436         8.54755966
    2464         9.02407920
    2493         6.74739855
    2522         7.78872558
    2550         7.88628604
    2579         8.99777895
    2608         6.45630300
    2636         7.31722866
    2665         7.25397117
    2694        10.35195241
    2722         9.73957583
    2751         9.61066377
    2780         7.41497875
    2808        10.34646306
    2837         8.52699470
