# Ni0                  T
       1         1.61855883
      28         4.56153607
      57         4.93377743
      85         4.84007871
     114         7.39465287
     143         6.15727746
     171         5.17698619
     200         7.16027364
     229         4.50297874
     257         4.82488335
     286         4.65179898
     315         6.92152121
     343         6.76890945
     372         5.58121023
     401         6.46737208
     429         8.58206032
     458         6.07599228
     487         6.24500063
     515         9.14090847
     544         6.80640182
     573         5.60873641
     601         7.40184471
     630         7.00568889
     659         7.61797919
     687         5.93335830
     716         6.19567914
     745        11.27435302
     773         6.70395593
     802         8.41500982
     831         5.54614538
     859         5.71268652
     888         7.68948531
     917         9.01629412
     945         6.06472199
     974         5.06493312
    1003         6.45825293
    1031         6.98946628
    1060         6.91789820
    1089         8.04678607
    1117         6.18943842
    1146         5.95544448
    1175         9.97455902
    1203         9.88263159
    1232         7.67837029
    1261         7.65510916
    1289         8.19413363
    1318         7.41364603
    1347         7.54429660
    1375         7.32907225
    1404         8.55712710
    1433        11.53654535
    1461         9.15708469
    1490         6.52967836
    1518         6.78679201
    1547         7.18734748
    1576         6.66269124
    1604         7.20248329
    1633         9.53964077
    1662        11.61634881
    1690         8.56652751
    1719         7.52803349
    1748        10.04457206
    1776         7.43699895
    1805         8.53503558
    1834         9.15170786
    1862         7.97276747
    1891        10.22396789
    1920         9.21038816
    1948         8.47912410
    1977         8.60103454
    2006         9.26916223
    2034         6.91766391
    2063         8.24490464
    2092         7.81537857
    2120         7.89927912
    2149         8.50643329
    2178         8.94345919
    2206         7.09488379
    2235         8.36572299
    2264         9.53002065
    2292        11.96011995
    2321         7.88806736
    2350         7.35876790
    2378         9.47356745
    2407         7.43066606
    2436         8.41935006
    2464         9.08388486
    2493         7.95655023
    2522         9.62205529
    2550         8.07718197
    2579         6.95863704
    2608         9.24813934
    2636         8.95637056
    2665         7.95839102
    2694         7.67500416
    2722        10.46798962
    2751        12.17536488
    2780        10.06452821
    2808         7.82645986
    2837        12.55747516
