# Ni0                  T
       1         0.62500675
      28         5.27875181
      57         4.74411452
      85         4.93480001
     114         5.10100575
     143         8.59910033
     171         5.61176624
     200         5.19019224
     229         7.51145202
     257        12.44940845
     286         6.27403057
     315         5.97358467
     343        10.67636509
     372         7.45991702
     401         7.68267330
     429         7.15631592
     458         7.26565306
     487         5.73549693
     515         5.11396684
     544         7.12280917
     573         7.24303216
     601         6.81632072
     630         6.49093984
     659         6.61514630
     687         7.80176634
     716         8.94652843
     745         7.44523837
     773         7.42368356
     802         9.89785847
     831         6.22763547
     859         8.05498532
     888         6.16662779
     917         6.44440476
     945         6.52239647
     974         6.23692727
    1003        10.73833508
    1031         6.33605323
    1060         7.35356646
    1089         6.80589143
    1117         6.47070415
    1146         8.53545593
    1175         9.98681614
    1203         7.21976343
    1232         7.93609653
    1261         7.68858406
    1289        10.98953801
    1318         6.22820753
    1347         9.00115869
    1375         8.35982459
    1404         6.55224300
    1433         7.45669867
    1461         7.16297337
    1490        11.02065078
    1518         7.42868431
    1547         8.39341546
    1576         8.06568344
    1604         8.67256590
    1633         8.13518223
    1662         6.58893140
    1690         8.01109045
    1719         9.37744089
    1748         6.61646062
    1776         7.73777839
    1805         7.02589622
    1834         7.25160158
    1862         7.35796934
    1891         9.74247759
    1920         8.58472533
    1948         7.81230240
    1977         7.56686615
    2006         7.21642003
    2034         7.46042038
    2063         9.73990560
    2092         8.99273456
    2120         6.49556052
    2149         8.85970264
    2178         7.10854484
    2206         7.21970259
    2235         8.15046613
    2264         8.02707635
    2292         9.15409418
    2321         9.84481324
    2350         8.86557077
    2378         7.27579097
    2407         9.82927511
    2436         9.59883159
    2464         9.55764956
    2493         7.40645784
    2522         7.76823287
    2550         8.12317025
    2579         7.86540464
    2608         7.66426682
    2636         7.45062791
    2665         8.21414579
    2694         7.90039494
    2722         8.77776205
    2751         6.80719058
    2780         7.37881221
    2808         7.10841895
    2837        11.92951157
