# Ni0                  T
       1         0.97887430
      28         3.79596552
      57         3.72093378
      85         7.09117184
     114         6.06763623
     143         8.89040725
     171        10.10728496
     200         6.06862539
     229         4.62355714
     257        13.22758788
     286         5.82237981
     315         6.93565302
     343         7.95313165
     372         8.04694696
     401         6.75478145
     429         7.61697531
     458         5.91570655
     487         7.34084196
     515         4.75818690
     544        10.22170432
     573         5.20093323
     601         7.72101140
     630         7.44109591
     659         7.31179399
     687         8.61907322
     716         5.45813961
     745         7.38686925
     773         7.12623104
     802         7.31280538
     831         6.12503188
     859         9.75126537
     888         6.97338329
     917         8.50756159
     945         6.53016081
     974         7.02774016
    1003         6.49578103
    1031         6.42451105
    1060         6.61923423
    1089         8.76572543
    1117        13.20806433
    1146         8.61539048
    1175         7.89756611
    1203         9.13665263
    1232         9.41841834
    1261         9.17622355
    1289         7.68091378
    1318        10.57234397
    1347         7.60901824
    1375         7.63544226
    1404         6.22775613
    1433        10.57292040
    1461        11.65927855
    1490         9.20691890
    1518         9.67784451
    1547         9.29923926
    1576         8.54967848
    1604        11.81586103
    1633         9.02796993
    1662         6.19268105
    1690         6.83701187
    1719         7.60943827
    1748        10.09956332
    1776        10.65523428
    1805         8.29196993
    1834         8.95356934
    1862         9.26084511
    1891         7.59535980
    1920        10.89845202
    1948         7.98050755
    1977        11.06642140
    2006         8.07383270
    2034         6.70321200
    2063         7.28774840
    2092        11.98951627
    2120         8.13920570
    2149         6.57145623
    2178         6.67117855
    2206         7.73941882
    2235         9.09614958
    2264         8.00551216
    2292         9.54832949
    2321         7.34052500
    2350         8.93878258
    2378         9.37730594
    2407         9.73947728
    2436         8.18693386
    2464         6.70478663
    2493         9.55792349
    2522         9.34399199
    2550         9.00366353
    2579        10.88080746
    2608         9.20632494
    2636        10.03514809
    2665         8.83018562
    2694        10.30517199
    2722         8.11163810
    2751        12.18700536
    2780        10.96868292
    2808         9.70033899
    2837         7.27536546
