5132
5132
5132
5132
5132
5132
5132
5132
5132
5132
5132
5132
5132
5132
5132
5132
5132
5132
5132
5132
5132
5132
5132
5132
5132
5132
5132
5132
4594
4594
4594
4594
4594
4594
4594
4594
4594
4594
4594
4594
4594
4594
4594
4594
4594
4594
4594
4594
4594
4594
4594
4594
4594
4594
4594
4594
4594
4594
4594
4594
4594
4594
4594
4594
4594
4594
4594
4594
4594
4594
4594
4594
4594
4594
4594
4594
4594
4594
4594
10768
10768
10768
10768
4594
10768
10768
10768
10768
10768
10768
10768
10768
10768
10768
10768
10768
10768
10768
10768
10768
