7460
7460
7460
3118
3118
7460
7460
7460
7460
7460
3118
7460
7460
14894
3118
7460
7460
7460
7460
25724
2844
2844
25724
25724
2844
25724
2844
2844
2844
2844
25724
5950
2676
5950
5950
5950
5950
2676
2676
5950
5950
2676
2676
2676
2676
2676
2676
2676
2676
2676
5950
2676
5950
2676
2676
5950
5950
2676
2676
5950
2676
2676
2676
2676
5950
5950
5950
5950
2676
2676
5950
5950
5950
5950
5950
2676
2676
2676
5950
5950
2676
2676
2676
5950
2676
5950
2676
5950
2676
2676
2676
5950
5950
2676
2676
2676
5950
5950
5950
5950
