# Ni0                  T
       1         1.77777957
      28         8.28777897
      57         4.31312000
      85         3.34552897
     114         6.14981957
     143         4.84375003
     171         5.98197407
     200         5.09356321
     229         5.16581281
     257         5.30884938
     286         6.19888990
     315         9.60241672
     343         4.73544409
     372         5.57052788
     401         5.79346231
     429         5.87926893
     458         5.32234957
     487         5.88438898
     515         7.27118627
     544         7.36992144
     573         6.88527812
     601         5.82737235
     630         6.96311006
     659         8.03401097
     687         6.46223106
     716         6.43328120
     745         7.76621035
     773         6.19626411
     802        10.24537559
     831         6.41000361
     859         7.36939785
     888         6.28564867
     917         7.62100310
     945        10.08832710
     974         7.46240103
    1003         6.25806889
    1031         7.05803223
    1060         7.87446921
    1089         6.29744502
    1117         9.80088069
    1146        11.85755926
    1175         5.69425118
    1203         6.59534751
    1232         6.39611643
    1261         7.40184410
    1289         6.59427033
    1318         7.01212966
    1347         9.00154586
    1375         7.62761203
    1404         6.91371204
    1433         8.68200933
    1461         7.24804957
    1490         6.31956907
    1518         9.50965530
    1547         8.97625668
    1576         7.35449368
    1604         6.44322275
    1633         8.98565483
    1662         9.02122163
    1690         8.09509564
    1719         7.14236917
    1748        11.21958439
    1776         7.02407402
    1805         7.68608772
    1834         8.04260353
    1862        10.19889493
    1891         9.20912155
    1920         7.38245325
    1948         6.77360840
    1977         7.47356758
    2006        11.56563261
    2034         9.49136980
    2063        10.56826534
    2092         9.10764319
    2120         9.39632729
    2149         7.17386920
    2178         8.03991453
    2206         8.80056875
    2235         7.58128602
    2264         7.73670150
    2292         7.60557522
    2321        11.29199916
    2350         7.56027942
    2378         7.90848618
    2407         8.24047842
    2436         6.94510810
    2464         8.93444175
    2493         8.00736719
    2522         8.48375071
    2550         9.66588804
    2579         7.28625757
    2608         8.10864933
    2636         8.04018867
    2665         8.52948100
    2694        12.45162810
    2722        11.12635048
    2751         9.61200211
    2780         7.41637860
    2808        10.34813400
    2837         8.86311221
