# Ni0                  T
       1         2.39938204
      28         4.25368226
      57         5.47453049
      85         5.07239205
     114         5.49533176
     143         5.78058135
     171         6.08337194
     200         6.43959470
     229         6.39098943
     257         4.98423155
     286         7.96340389
     315         6.91835836
     343         8.68935769
     372         8.00204821
     401         8.17819893
     429         6.33339106
     458         5.76355449
     487         7.81339272
     515         7.80849333
     544         7.65436956
     573         9.54105808
     601         7.12834691
     630         9.77926883
     659         9.37259390
     687         6.94148143
     716         6.30656155
     745        14.36170683
     773        11.29753819
     802         8.25334133
     831         7.22231029
     859         7.55944094
     888        11.64655302
     917         9.16935589
     945        10.45420751
     974         7.90249144
    1003         7.14606105
    1031         8.47974860
    1060         8.42760996
    1089         8.17422432
    1117         7.69310788
    1146         7.98706500
    1175         7.78750101
    1203        12.64617443
    1232        10.90862957
    1261         8.49238523
    1289         8.43206391
    1318        10.15219311
    1347         6.67739581
    1375        10.92749740
    1404         8.25597716
    1433         8.57888789
    1461         6.87688809
    1490        11.22242390
    1518        12.12574698
    1547         9.42547999
    1576        13.46111454
    1604         8.65792439
    1633         8.55121572
    1662         8.04693727
    1690        10.38078149
    1719        11.27822154
    1748         8.44379460
    1776        10.41630330
    1805         9.10735813
    1834         7.81063125
    1862         7.81505945
    1891        11.12019079
    1920         7.20154743
    1948         7.33516387
    1977         7.06201960
    2006         7.02680032
    2034         8.00172632
    2063        11.13571252
    2092         8.20261656
    2120         8.89117151
    2149         7.27877542
    2178         9.27054943
    2206         7.80667221
    2235         9.02288703
    2264         8.77737836
    2292         7.97269146
    2321        11.25162812
    2350         8.23205186
    2378         8.41016110
    2407         8.27483173
    2436         7.83147051
    2464        11.04377280
    2493         9.30437949
    2522         8.72560114
    2550         8.60316003
    2579         7.86427641
    2608         7.23469712
    2636         8.20104986
    2665        10.51435500
    2694         7.12500512
    2722         8.04336310
    2751         9.46426545
    2780         7.27919514
    2808         8.63298123
    2837        13.19659124
