# Ni0                  T
       1         0.59990079
      28         3.21078979
      57         5.35076056
      85         7.00620309
     114         5.35412700
     143         3.98855507
     171         9.27664894
     200         4.82981574
     229         5.59581479
     257         8.36092168
     286         7.09319956
     315         5.15615030
     343         5.86522559
     372         5.26028509
     401         6.72636697
     429         5.49309182
     458         6.26576136
     487         8.63432652
     515         4.91724844
     544         7.60604108
     573        10.48140134
     601         7.18432953
     630        13.10118500
     659         7.23805209
     687         7.18621541
     716         9.01260100
     745         8.16026419
     773         7.06288734
     802        10.82505154
     831         6.61975954
     859         7.74069339
     888         7.91737146
     917         7.38434408
     945        10.05412587
     974         8.77660312
    1003         8.42203422
    1031         9.45846483
    1060         6.72894181
    1089         7.19241805
    1117        10.54286701
    1146         6.31696118
    1175         7.23811104
    1203         7.71617530
    1232         9.41194383
    1261         7.33542186
    1289         9.63736238
    1318         7.84252616
    1347         7.58984156
    1375         7.45549537
    1404         6.83092293
    1433         7.28078811
    1461         6.26143209
    1490         9.20646379
    1518         7.01111204
    1547         7.84797368
    1576         8.78648089
    1604         9.70726472
    1633         8.92249013
    1662        10.19747965
    1690         7.38251416
    1719        10.19215647
    1748         7.91875368
    1776         7.79817128
    1805         6.77165185
    1834         7.54992376
    1862         7.59315664
    1891         8.34083229
    1920         7.08237576
    1948         7.77662574
    1977         9.32602447
    2006         9.15448257
    2034         7.71934794
    2063        10.91743778
    2092         8.09119738
    2120         8.19204457
    2149         7.75025507
    2178        10.28957816
    2206         8.11429418
    2235         9.55890473
    2264         8.55478362
    2292         9.54758036
    2321        13.50471126
    2350        11.52005851
    2378        10.48186687
    2407         7.54410230
    2436        12.73015020
    2464         9.14978141
    2493        10.89444774
    2522        12.94549993
    2550        14.59995498
    2579         8.24566893
    2608         8.82929525
    2636        10.39146563
    2665         8.71307359
    2694         9.63477409
    2722        14.05672405
    2751         8.07519278
    2780         7.77803820
    2808         9.59375808
    2837         9.37805590
