# Ni0                  T
       1         2.02822903
      28         3.94570090
      57         3.83506534
      85         5.91805398
     114         6.29342193
     143         5.38870421
     171         6.68545490
     200         4.55429526
     229         4.90522213
     257         6.05689628
     286         5.46679196
     315         6.10000169
     343         9.33358402
     372         6.68917517
     401         4.82437941
     429         5.88047631
     458         8.92252436
     487         5.11830587
     515         6.01493219
     544         6.04114754
     573         6.35561049
     601         6.18094886
     630         6.67021395
     659         7.27246759
     687         8.49761618
     716         5.87636948
     745         7.48444603
     773         7.07129010
     802         7.02860790
     831         6.13921809
     859         6.62496376
     888         6.68116906
     917         6.72892473
     945         5.84795495
     974         5.87642142
    1003         7.25481431
    1031         5.96126323
    1060         7.32932055
    1089         7.18290779
    1117         6.69308016
    1146         6.84393624
    1175         6.52736182
    1203         6.69585900
    1232         7.54516054
    1261         7.19516268
    1289         9.60340095
    1318        10.44993303
    1347         7.92732773
    1375         7.50371575
    1404         8.99344120
    1433         9.05196239
    1461         8.20946993
    1490         9.64401479
    1518         6.89865031
    1547         6.74428321
    1576         7.00199032
    1604         7.41699804
    1633         6.99474907
    1662         6.91797158
    1690         7.37882914
    1719         7.87443190
    1748         7.26300135
    1776         8.05836017
    1805         9.14257845
    1834         7.57750057
    1862         9.75432295
    1891         6.66010807
    1920         9.45761990
    1948         7.70374140
    1977         8.54466179
    2006         7.42254304
    2034         8.06557008
    2063         6.32304497
    2092         8.07054232
    2120         7.21453789
    2149         9.40226916
    2178         6.70161736
    2206         7.47566638
    2235         8.49506815
    2264         8.47601521
    2292         9.00385481
    2321        10.03881693
    2350         8.35817268
    2378         6.82163663
    2407         7.92034260
    2436         7.57387701
    2464         9.20439263
    2493         9.96257768
    2522        10.31954519
    2550         7.75096823
    2579         7.63834316
    2608         9.05215698
    2636         8.71356329
    2665         9.67110960
    2694         9.21731052
    2722         9.25851402
    2751         9.26640203
    2780         8.51929988
    2808         8.69815522
    2837         8.71777077
