# Ni0                  T
       1         0.62591667
      28         5.28212628
      57         4.74748780
      85         4.93840784
     114         5.11227560
     143         8.63989189
     171         5.61790128
     200         5.19552880
     229         7.51879127
     257        12.45869890
     286         7.25430263
     315         7.92251522
     343         8.31068589
     372         6.19541185
     401         7.69333485
     429         7.18665880
     458         7.27413943
     487         6.43621088
     515         5.12048139
     544         7.13638469
     573         7.41097750
     601         6.84297549
     630         6.50101211
     659         6.62660710
     687         7.80296896
     716         8.95614669
     745         7.45127019
     773         7.43150885
     802         9.90967250
     831         6.23657640
     859        10.19118504
     888         6.57798589
     917         6.63090322
     945         9.28369026
     974         7.16962229
    1003         7.98050277
    1031         6.38482353
    1060         5.81858321
    1089         7.64560435
    1117         7.11524699
    1146         7.76115172
    1175         6.93615366
    1203         6.78730042
    1232         7.82337397
    1261         8.87510021
    1289         8.42091347
    1318         7.74490332
    1347         8.30829406
    1375         6.53805095
    1404         6.74246231
    1433         6.75386612
    1461         9.57873432
    1490         5.92580183
    1518         7.18784661
    1547         8.60724829
    1576         7.34147947
    1604         7.78804952
    1633         7.18637634
    1662         7.17264881
    1690         7.55592955
    1719         9.75094199
    1748         8.53834591
    1776         7.83107008
    1805         6.85371653
    1834         8.19530899
    1862         8.95789603
    1891        10.96130652
    1920         8.92848501
    1948         6.93360940
    1977         7.68064008
    2006         6.76051132
    2034         8.05140612
    2063         8.94877270
    2092         6.59390204
    2120         8.58618578
    2149        10.60905091
    2178         7.58887206
    2206         7.80930975
    2235         8.24537291
    2264         9.81970486
    2292         8.22326396
    2321         8.30265511
    2350         6.63398326
    2378         6.92654576
    2407         9.22972973
    2436         7.18478981
    2464        12.50372692
    2493         7.99733704
    2522         7.93391636
    2550         6.93306335
    2579         8.06054101
    2608        10.77147724
    2636         9.47699711
    2665         6.91853440
    2694         8.38282662
    2722        11.39769987
    2751         8.68654305
    2780         7.80613371
    2808        10.75155482
    2837         9.58020622
