# Ni0                  T
       1         0.94661930
      28         3.35621580
      57         4.26025105
      85         3.52734367
     114         5.69262883
     143         5.16498460
     171         6.93931241
     200         7.39242449
     229         4.35373807
     257         6.99019996
     286         7.01513613
     315         7.67341268
     343         7.00476604
     372         7.46723234
     401         9.46421908
     429         6.55923686
     458         8.34736396
     487         5.47854412
     515         7.35751547
     544         6.86099634
     573         7.94594021
     601         6.36718459
     630         6.37715556
     659         7.40716324
     687         6.45474851
     716         7.53197914
     745         7.70189665
     773         5.59859402
     802         6.29531651
     831         7.39476183
     859         6.39372880
     888         6.61041508
     917         8.12509382
     945         6.66859098
     974         6.97146119
    1003         6.68031077
    1031         6.77158747
    1060         6.23368075
    1089        10.14069209
    1117         6.09295452
    1146         7.05635221
    1175         8.03083487
    1203         7.94207816
    1232         8.29512882
    1261         7.19660981
    1289         9.60638093
    1318         8.51882875
    1347         6.44540440
    1375        12.24059987
    1404         7.10652110
    1433         7.23710021
    1461         9.31987145
    1490         7.05799035
    1518         7.67182603
    1547         7.58334995
    1576         6.06212478
    1604         7.44766064
    1633         7.48437057
    1662         6.44471966
    1690         7.96867937
    1719         7.87869394
    1748         7.26491120
    1776         6.78078219
    1805        10.55597053
    1834         7.57910737
    1862         9.75853177
    1891         6.66363159
    1920         9.45911001
    1948         7.70540186
    1977         8.54596134
    2006         7.42464374
    2034         7.33988125
    2063         7.09323462
    2092         8.07206429
    2120         7.21658839
    2149         9.40800411
    2178         6.70487364
    2206         7.30223854
    2235         7.76838512
    2264         6.88056169
    2292        11.24054357
    2321         7.83345181
    2350        12.10168842
    2378         9.14976111
    2407         8.49964919
    2436        12.14863249
    2464         7.37846338
    2493        10.99028178
    2522         7.69895011
    2550         6.79538480
    2579         7.27458988
    2608         8.60480435
    2636         6.55018409
    2665        10.37347738
    2694         8.30411712
    2722         7.82016042
    2751         7.53143031
    2780         7.73030098
    2808         7.66675691
    2837         8.91463970
