# Ni0                  T
       1         0.61532125
      28         3.31474968
      57         7.05590593
      85         4.60036909
     114         7.97903858
     143         4.27440226
     171         5.57461130
     200         7.60995392
     229        12.18258989
     257         6.92931852
     286        10.59124039
     315         7.69808795
     343         7.03590954
     372        11.50666064
     401        13.24351588
     429        13.69044141
     458         6.46233964
     487         7.84657108
     515         7.66388020
     544        13.90869927
     573        13.04498510
     601        10.48947413
     630        12.47134911
     659        10.48906039
     687         9.74317425
     716        11.86969343
     745        11.97719433
     773        12.15609261
     802        17.72595956
     831        12.95484498
     859        10.98514519
     888        12.08018971
     917        13.07021650
     945         8.53714645
     974        14.82804181
    1003        11.11784530
    1031         7.75529665
    1060         7.84346966
    1089         9.56086402
    1117         9.25812230
    1146        10.00581733
    1175        17.16742494
    1203        12.63410919
    1232        13.52101657
    1261        11.49631704
    1289        24.22745974
    1318        12.19175543
    1347        13.44708345
    1375        15.28391786
    1404        14.74858977
    1433        11.65636432
    1461        11.09570948
    1490         9.71056378
    1518        12.63295533
    1547        11.03884234
    1576         9.81296861
    1604        21.04813054
    1633        17.32819755
    1662         9.88751330
    1690         9.88011517
    1719        15.40409970
    1748        10.03061875
    1776        12.54942936
    1805        10.45503617
    1834        10.86991916
    1862        15.79780402
    1891         9.21161061
    1920        10.84108018
    1948         8.72510352
    1977        13.05091292
    2006        11.38087446
    2034        15.55636828
    2063        15.59591578
    2092        17.02183296
    2120        11.41329208
    2149        18.14681933
    2178        10.46979257
    2206         9.88818944
    2235        16.20146414
    2264        13.05743862
    2292        11.06882647
    2321        13.45739255
    2350        12.16777085
    2378        10.50004786
    2407         8.28960820
    2436        11.80395045
    2464        11.22902163
    2493        14.16188432
    2522        18.09328872
    2550        13.63004108
    2579        10.96946846
    2608        16.55191940
    2636        12.25072076
    2665        14.03726075
    2694        16.59758978
    2722         9.16868515
    2751        12.62166317
    2780        11.01645142
    2808         9.47326131
    2837        13.98101537
