# Ni0                  T
       1         1.94657638
      28         5.38990710
      57         9.69923600
      85        24.38665092
     114         4.45026531
     143         6.49208571
     171        15.37026259
     200         6.24026646
     229         7.31126855
     257         7.71429134
     286         7.79091728
     315         8.66604451
     343         8.09614872
     372        12.80948578
     401        10.63464887
     429         8.98593737
     458        11.78325287
     487        12.47481187
     515        12.11114699
     544        12.65648958
     573        19.11046622
     601         8.11922280
     630         8.07867010
     659        16.20807821
     687         8.21001643
     716         9.95688809
     745         9.39643476
     773        12.63133094
     802        22.19293568
     831        12.99187435
     859        12.23900735
     888        11.17826455
     917        14.46457339
     945        17.61842218
     974        13.45387021
    1003        11.50299004
    1031        12.35241737
    1060        10.28099878
    1089        10.52882970
    1117         9.44669687
    1146        21.78979133
    1175         8.53568173
    1203        10.67409278
    1232        13.58406154
    1261         8.44352281
    1289        17.97783447
    1318        11.00707007
    1347        13.57061193
    1375         8.15945181
    1404         8.96486175
    1433        10.02462711
    1461        23.87137358
    1490        16.30918018
    1518        11.78367777
    1547        14.70208187
    1576        10.91490415
    1604        11.11728377
    1633         9.07304611
    1662         8.13702663
    1690        15.97460124
    1719        12.11973505
    1748        16.33864752
    1776        10.18454714
    1805        15.64454694
    1834        11.35046584
    1862        13.56634579
    1891        13.38420906
    1920        11.22797642
    1948         9.43233984
    1977        14.76242639
    2006        20.61564340
    2034        13.45035891
    2063        13.25214971
    2092        10.88215076
    2120         9.39620835
    2149        17.75418740
    2178        14.73192986
    2206        28.44084553
    2235        10.52648408
    2264        12.80899103
    2292        15.10540899
    2321        11.94320789
    2350        13.81597341
    2378        12.03643755
    2407        14.80785224
    2436        11.37805629
    2464         8.16362604
    2493         9.68585588
    2522        16.38591645
    2550        10.04245367
    2579        13.02219433
    2608        17.31457043
    2636        12.32601639
    2665        13.90325655
    2694        11.19590746
    2722        13.59727885
    2751        11.64680839
    2780         9.71461973
    2808        15.82777190
    2837        16.37101031
