# Ni0                  T
       1         0.32816125
      28         3.49299914
      57         3.07293027
      85         4.95190060
     114         3.68000428
     143         6.22622653
     171         6.06259023
     200         6.31218106
     229         5.18189206
     257         4.95498824
     286         6.43710216
     315         6.18267551
     343         7.16674080
     372         4.72908115
     401         4.94925084
     429         6.38067647
     458         7.84294788
     487         6.36942223
     515         4.82584372
     544         7.85763953
     573         6.47135515
     601         7.44102707
     630         6.44588331
     659         6.73691655
     687         6.87977569
     716         6.97990818
     745         6.55145155
     773         8.38972711
     802         7.01405744
     831         6.32361870
     859         8.20674258
     888        12.29407048
     917         8.38530693
     945         6.93480673
     974         7.28198206
    1003         8.46536463
    1031         5.26330563
    1060         7.43477560
    1089         8.18454037
    1117         7.36014302
    1146         8.51360103
    1175         7.94545965
    1203        10.23251763
    1232         8.44227966
    1261         6.15573779
    1289         6.06876973
    1318         6.92915765
    1347         8.30220637
    1375         7.37413642
    1404         7.78919903
    1433         6.46365105
    1461         8.27875005
    1490         8.07603636
    1518         6.88464703
    1547         6.21728426
    1576         6.77128743
    1604         6.74632249
    1633         6.82557408
    1662         6.80128171
    1690         9.65374716
    1719         6.86113905
    1748         6.34564541
    1776         7.40669507
    1805         7.10577392
    1834         7.08101260
    1862         8.41827413
    1891         7.52427477
    1920         8.19525039
    1948        10.49483784
    1977         7.43802817
    2006         8.32454538
    2034         8.43514508
    2063         7.24962637
    2092         7.55955833
    2120        10.73047792
    2149         8.97878765
    2178         8.93518705
    2206         8.52644400
    2235         9.81869834
    2264         7.05180582
    2292         8.17751116
    2321         7.45108227
    2350         7.63039003
    2378        10.33137077
    2407         8.40104150
    2436         9.65344923
    2464         7.70513293
    2493         9.42277153
    2522         8.48628282
    2550         6.67771517
    2579         9.07102770
    2608         6.77528056
    2636         7.68674181
    2665        10.60578290
    2694         9.76290593
    2722         7.42740857
    2751         8.61340166
    2780        10.74807140
    2808         7.08067734
    2837         8.14776252
