# Ni0                  T
       1         0.82350290
      28         3.27600003
      57         3.49926202
      85         3.46609957
     114         6.15583853
     143         5.47037519
     171         7.50486523
     200         5.22836787
     229         7.74135077
     257         8.15114186
     286         9.87946864
     315         6.51034457
     343         6.31608491
     372         6.57107323
     401         8.34658419
     429         8.02587009
     458         5.66935139
     487         6.78536149
     515         7.25547448
     544         9.09012574
     573         7.96645721
     601         7.18706948
     630         6.79507151
     659         8.05239694
     687         7.07125171
     716        10.52984081
     745         6.50158818
     773         8.79685896
     802         6.47129328
     831         6.92497525
     859         6.70714490
     888         6.97375219
     917         7.24415474
     945         6.82174067
     974         7.00918096
    1003         8.47357731
    1031         7.90488636
    1060         6.19878963
    1089        14.80796705
    1117         7.74887578
    1146         7.58310310
    1175         7.85928564
    1203         6.70042679
    1232         8.74291209
    1261         8.38400750
    1289         5.48351413
    1318         8.36623318
    1347         7.29462677
    1375         8.62488236
    1404         7.82531843
    1433         8.55229838
    1461         8.20602890
    1490         7.36355401
    1518         8.01322258
    1547        10.01393509
    1576        10.27698660
    1604         8.52203681
    1633         8.40061105
    1662         7.09150770
    1690         8.94202571
    1719        10.65402173
    1748        10.38061669
    1776        12.23240253
    1805         8.64405958
    1834         8.86026948
    1862         8.06331897
    1891         9.28738741
    1920         7.82664529
    1948         8.07578510
    1977         9.65872481
    2006         6.99113904
    2034         7.14338252
    2063         7.97960205
    2092        10.16279965
    2120        11.41246925
    2149        11.11560908
    2178         8.38919237
    2206         8.01862278
    2235        10.65631407
    2264        11.15857356
    2292         7.78105618
    2321         8.56348209
    2350         7.24393645
    2378         7.67347960
    2407         9.62710350
    2436         9.33938034
    2464         8.43978423
    2493         8.89249239
    2522         7.77078833
    2550         8.08811436
    2579         8.82459590
    2608         8.51448051
    2636        13.06356336
    2665         9.30868039
    2694        11.88561460
    2722        14.21416908
    2751         8.59990292
    2780         7.43979165
    2808         8.68520252
    2837        10.87884444
