5998
5998
5998
6852
5998
5998
5998
5998
5998
2708
2708
2708
2708
2708
2708
2708
2708
2708
5998
5998
5998
5998
5998
2708
2708
2708
2708
2708
2708
2708
2708
2708
2708
2708
2708
2708
2708
2708
2708
2708
2708
2708
2708
2708
2708
2708
2708
2708
2708
2708
2708
2708
2708
2708
2708
2708
2708
2708
2708
2708
2708
2708
2708
2708
2708
2708
2708
2708
2708
2708
2708
2708
2708
2708
2708
2708
2708
2708
2708
2708
2708
2708
2708
2708
2708
2708
2708
2708
2708
2708
2708
2708
2708
2708
2708
2708
2708
2708
2708
2708
