# Ni0                  T
       1         0.30542639
      28         2.80180844
      57         3.65590941
      85         4.57738081
     114         4.71519751
     143         5.79374528
     171         7.41666564
     200         5.66114483
     229         6.93167873
     257         6.37828787
     286         5.53089327
     315         6.32172646
     343         8.72134094
     372         6.79508742
     401         6.49222620
     429         7.77435164
     458         9.18286697
     487         5.87347693
     515         5.51762157
     544         6.03545405
     573         7.18014715
     601         7.74986202
     630         5.97853581
     659         7.05986625
     687         8.12567323
     716         6.33545515
     745         7.52120431
     773         9.62761410
     802         8.25190755
     831        11.42588729
     859         7.78951973
     888         6.16256907
     917         7.91104949
     945         7.34753888
     974         6.34515234
    1003         8.49938948
    1031         6.86186641
    1060         8.34696962
    1089         7.28369791
    1117         7.23166973
    1146         6.88948294
    1175         8.22080354
    1203         5.62610111
    1232         8.31831596
    1261         7.38297559
    1289        10.53543994
    1318         9.72993580
    1347         6.25777167
    1375         6.86874808
    1404         7.69246348
    1433        11.32975813
    1461         8.10804337
    1490         7.36910423
    1518         9.37234595
    1547        10.20991675
    1576         9.06396892
    1604         6.58127768
    1633         6.10937094
    1662         7.01663043
    1690         7.80493794
    1719         6.74733754
    1748         8.69368743
    1776         8.36345756
    1805         6.78566511
    1834         8.50834624
    1862         6.32620752
    1891         9.60920317
    1920         8.80405682
    1948         7.30162923
    1977         6.56701904
    2006         7.04761657
    2034         8.56376184
    2063         7.26232522
    2092        13.15542951
    2120         6.96128337
    2149        10.20650799
    2178         6.94306035
    2206         7.28332993
    2235         8.04452673
    2264        10.47960526
    2292         7.82471963
    2321         8.42859471
    2350         7.25948523
    2378         9.34158509
    2407         7.82095584
    2436         8.04358726
    2464         7.81961277
    2493        11.26792313
    2522         7.09417488
    2550         8.66504799
    2579         7.94619388
    2608         9.05450174
    2636         8.20988002
    2665         7.41882835
    2694        13.17377782
    2722         7.60824250
    2751         9.99630547
    2780         8.31648629
    2808         8.03839894
    2837         9.37325035
