# Ni0                  T
       1         0.73513689
      28         3.06862454
      57         3.82939903
      85         5.35900396
     114         6.31872869
     143         4.45817280
     171         5.07339639
     200         6.16775519
     229         6.46587746
     257         4.71986448
     286         5.70367787
     315         5.30230708
     343         4.00318087
     372         9.68188514
     401        10.57601757
     429         7.07840657
     458         7.80586692
     487         6.69524437
     515         9.67725218
     544         6.98465954
     573         6.70812763
     601         7.61780175
     630         6.34087792
     659         6.23358694
     687         8.93299540
     716         6.46587326
     745         7.63157385
     773        10.93323237
     802         6.39563813
     831         8.69087677
     859         6.75029449
     888         6.21892903
     917        10.12402135
     945         6.05891363
     974         6.94988048
    1003         7.29309713
    1031         6.50037017
    1060         7.48883890
    1089         8.75160072
    1117         7.46926220
    1146         8.14508491
    1175         5.80721508
    1203         6.87278398
    1232         8.01948650
    1261        10.47375167
    1289         9.58947865
    1318         6.73799518
    1347         7.23138105
    1375         7.30001396
    1404         6.12642507
    1433         8.03911477
    1461         8.17611795
    1490         8.37871081
    1518         7.81236318
    1547         8.06898210
    1576         9.97936601
    1604         9.05535015
    1633        13.48363709
    1662        10.42028910
    1690         6.56247040
    1719        10.26629606
    1748         6.49845017
    1776         6.60299726
    1805         7.71237886
    1834        10.29566976
    1862        11.69750570
    1891         7.16857664
    1920        11.54090642
    1948         6.44514699
    1977         8.20129446
    2006         7.72510067
    2034         8.42017286
    2063        10.97004168
    2092         7.31376021
    2120         9.48437821
    2149         8.05562754
    2178         6.67467590
    2206         7.07817984
    2235         8.56620937
    2264         8.23051779
    2292        11.63258368
    2321         8.88034020
    2350         8.09795029
    2378         7.54279430
    2407         7.87666157
    2436         7.22757674
    2464         7.63535099
    2493        11.23552803
    2522         6.94330027
    2550         8.56403423
    2579         8.46169200
    2608        11.94425813
    2636        11.55129675
    2665         8.65605513
    2694        12.57987570
    2722         8.39418092
    2751         7.54753456
    2780         9.87581267
    2808         8.32276926
    2837        11.57255946
