# Ni0                  T
       1         0.52579551
      28         3.31099154
      57         3.32273547
      85         4.41442714
     114         6.92760992
     143         5.40743096
     171         5.92359683
     200         7.09023857
     229         5.17939939
     257         7.62030666
     286         7.18025609
     315         5.90237603
     343         6.56927919
     372        12.44551467
     401         5.90355049
     429         6.58851872
     458         8.60507072
     487         7.01712128
     515         5.66050964
     544         6.34341233
     573         6.57240901
     601         6.67989687
     630         5.52017635
     659         8.61920390
     687         9.24973108
     716         9.90864646
     745         6.39700283
     773        10.15306367
     802         6.35663483
     831         7.71584787
     859         7.21886279
     888         5.42793753
     917         8.12490932
     945         6.30859243
     974         9.33549913
    1003        11.37150813
    1031         6.99740525
    1060         8.93889324
    1089         7.62026391
    1117         7.78276855
    1146         8.21980176
    1175         7.74784782
    1203         7.34442420
    1232        10.67648435
    1261         7.56340141
    1289         7.97004358
    1318         6.08069882
    1347         8.04182317
    1375         8.53052215
    1404        12.21145673
    1433         8.98587879
    1461         6.70051410
    1490         5.65618536
    1518         9.32370441
    1547         7.17932440
    1576         8.50432251
    1604         9.19975880
    1633         9.65911322
    1662         7.25663428
    1690         8.38987764
    1719         8.08445853
    1748         9.66244021
    1776         9.83929722
    1805         6.58798837
    1834         6.88591574
    1862         6.52744446
    1891         6.35936771
    1920         8.43793807
    1948         9.11526930
    1977        11.02112178
    2006         8.41395906
    2034         7.67465681
    2063         8.30717883
    2092         6.86095695
    2120         7.66425094
    2149         8.36393347
    2178         7.99596461
    2206         7.96528063
    2235         8.10884096
    2264         7.45635996
    2292         6.73821500
    2321         9.24504848
    2350         9.32706098
    2378         7.52049072
    2407        11.05691528
    2436         7.97177120
    2464         8.66730590
    2493         8.41401947
    2522         7.38286714
    2550         7.97280024
    2579         7.98632288
    2608        14.64832477
    2636         8.30262824
    2665        10.09888854
    2694         7.57988605
    2722         8.49264002
    2751        10.28653021
    2780         7.06739842
    2808         7.70527850
    2837         9.01081938
