14756
14756
14756
4976
14756
14756
14756
4976
14756
4976
4976
4976
4976
4976
4976
4976
4976
14756
4976
14756
14756
4976
2180
2180
2180
2180
2180
2180
2180
2180
4986
2180
2180
2180
4986
4986
2180
4986
2180
1758
1758
1758
1758
12072
12072
1758
1758
1758
4986
4986
1758
1758
12072
1758
12072
12072
1758
1758
1758
1758
1758
1758
1758
1758
1758
1758
1758
1758
1758
1758
12072
12072
12072
12072
1758
12072
1758
12072
1758
1758
1758
1758
1758
1758
1758
12072
1758
1758
1758
1758
1758
1758
1758
1758
1758
12072
1758
1758
1758
12072
