# Ni0                  T
       1         0.36750967
      28         5.19924456
      57         2.96428324
      85         4.71956254
     114         3.19525160
     143         4.99669872
     171         4.10712907
     200         4.88237056
     229         6.33235988
     257         6.54003469
     286         6.31896186
     315         9.26306042
     343         5.27512231
     372         5.12040203
     401         7.81964205
     429         6.03168514
     458         4.79814209
     487         6.09698161
     515         7.95386631
     544         6.54641118
     573         6.17470250
     601         7.56868625
     630         6.97853033
     659         8.14297835
     687         6.97904246
     716         5.99925724
     745         8.70786067
     773         6.86815553
     802         5.77967733
     831        12.83870364
     859         6.68142712
     888         6.87745479
     917         5.73146419
     945         7.31093678
     974         8.80978864
    1003         7.32405942
    1031         7.12656475
    1060         8.59315276
    1089         6.83335902
    1117         7.29950996
    1146         6.10566379
    1175        10.44672767
    1203         6.94309969
    1232         9.49923697
    1261         6.05051072
    1289         7.31886223
    1318         7.43933899
    1347         7.52231794
    1375         8.59950908
    1404         7.46018042
    1433         8.33694533
    1461         8.78396110
    1490         7.39655307
    1518         7.38975286
    1547         7.29895270
    1576         8.04060184
    1604         6.53865144
    1633         6.40788649
    1662         8.19867259
    1690         6.06968591
    1719         9.25626748
    1748         6.79274225
    1776         6.75342725
    1805         9.84326716
    1834         7.30632787
    1862         8.34117064
    1891         7.82194864
    1920         6.97897639
    1948         7.09759778
    1977         9.16329614
    2006         8.00496910
    2034         7.19060502
    2063         7.39788323
    2092         8.83511269
    2120         7.56960599
    2149         7.39554265
    2178        10.18797873
    2206         7.29699367
    2235         8.14609802
    2264         7.95475094
    2292         8.55409247
    2321         8.87976688
    2350         7.89485830
    2378         8.60126815
    2407        10.74987225
    2436         7.11786850
    2464         8.52811341
    2493         7.84348153
    2522         7.57052236
    2550         6.52504536
    2579         8.29921326
    2608         7.45949213
    2636         8.04312160
    2665         7.32846317
    2694         7.83080845
    2722         8.41320926
    2751         9.91508452
    2780         8.53031241
    2808         7.63397722
    2837         9.05456576
