# Ni0                  T
       1         0.07857178
      28         3.92676595
      57         6.46292609
      85         3.55776759
     114         4.40452311
     143         5.38320536
     171         5.23417082
     200         7.52622351
     229         5.86118259
     257         5.47529765
     286         4.53520174
     315         8.17712762
     343         7.45392054
     372         6.14840163
     401         4.73977622
     429         7.75507019
     458         5.61106532
     487         6.80246898
     515         5.35751193
     544         6.86203397
     573         5.79426363
     601        10.77592027
     630         5.22955344
     659         7.63144478
     687         6.43495089
     716         8.51191201
     745         7.26658094
     773         5.98261116
     802         7.92251582
     831        10.41139658
     859         6.28692921
     888         7.02433432
     917         7.09324262
     945         6.96518386
     974         8.70060431
    1003        13.21084069
    1031         8.77258644
    1060         6.25218041
    1089         6.94312770
    1117         6.56873732
    1146         9.78609357
    1175         7.14647139
    1203         7.30533112
    1232         6.21764789
    1261         6.21487462
    1289         7.80064521
    1318         7.02167187
    1347         6.28283725
    1375        10.51405114
    1404         7.66866717
    1433         8.24062034
    1461         7.27374914
    1490         6.65572336
    1518         6.41420002
    1547         6.35600404
    1576         7.36276438
    1604         9.78645250
    1633         9.03153939
    1662         9.32048353
    1690         9.52130189
    1719         8.10494760
    1748         6.61818613
    1776         7.74515426
    1805         7.17298903
    1834         6.46022089
    1862         6.53126281
    1891         8.60667648
    1920         7.88672000
    1948         7.22627763
    1977         8.44058216
    2006         8.25288793
    2034         8.69526232
    2063         8.65018760
    2092         9.43256558
    2120         9.17849823
    2149         8.37579018
    2178         6.94031449
    2206         8.06983269
    2235        10.26486591
    2264         8.54181849
    2292         9.34737399
    2321         6.19233929
    2350         9.53596061
    2378         8.42763932
    2407         7.65551184
    2436         7.52996060
    2464         6.69838996
    2493         8.41501425
    2522         7.99849272
    2550         7.49899940
    2579         8.18251264
    2608        10.12842757
    2636         8.84244623
    2665        10.34464039
    2694         9.79542610
    2722         8.44841706
    2751        10.08197436
    2780         8.34051164
    2808         7.28659220
    2837         7.03373553
