# Ni0                  T
       1         0.93771248
      28         3.02460792
      57         3.36533233
      85         7.98458597
     114         4.23355947
     143         5.62751668
     171         4.43824743
     200         7.57497037
     229         5.48014821
     257         6.30414199
     286         6.94309396
     315         5.91913332
     343         6.80040150
     372         7.51347575
     401         6.34913014
     429         5.59044735
     458         5.94196824
     487         5.39657500
     515         4.48414456
     544         7.28214556
     573         7.23668139
     601         8.74531124
     630         6.19968657
     659         6.79919659
     687         5.56188802
     716         8.03292991
     745         9.00080019
     773         7.85673701
     802         6.04957850
     831         7.95765877
     859         6.74727647
     888         6.38291036
     917         9.21432216
     945         9.42056034
     974        10.93849361
    1003         8.14722818
    1031         8.09862532
    1060         6.44078928
    1089         7.65698024
    1117         7.73356775
    1146         8.69603892
    1175         8.55756709
    1203         6.04344078
    1232         7.28507398
    1261         7.46629487
    1289         7.43316440
    1318         8.07235290
    1347         8.84438351
    1375         7.19458311
    1404         8.59781388
    1433        10.05467651
    1461         6.94206071
    1490         7.34481994
    1518         6.23632920
    1547         7.57647923
    1576         9.99350116
    1604         8.42070551
    1633        11.31177374
    1662         7.28264480
    1690        11.02765446
    1719         8.38955409
    1748         6.52829740
    1776         8.90684243
    1805         8.58217768
    1834        12.21486315
    1862        11.19845152
    1891         9.10405485
    1920         7.78605542
    1948        16.97538259
    1977         7.35955982
    2006         9.50310845
    2034         9.07857674
    2063         8.63417249
    2092         8.96477671
    2120         9.14077672
    2149        11.81634255
    2178         7.95724036
    2206         9.25189019
    2235        10.16907453
    2264         8.09461229
    2292        12.99726127
    2321         8.28619301
    2350         7.99312337
    2378        10.03240120
    2407         7.92832463
    2436         9.38606556
    2464         9.27240647
    2493         9.58639234
    2522         8.27961790
    2550        10.21606281
    2579         8.42683824
    2608         9.05983066
    2636         9.42259845
    2665         8.16348910
    2694        10.48482357
    2722         7.48795596
    2751        10.21654156
    2780         8.15475974
    2808         9.45204297
    2837        12.60131623
