# Ni0                  T
       1         0.98706874
      28         3.14356720
      57         4.21997040
      85         5.82105009
     114         6.63413128
     143         9.40247294
     171         4.57381989
     200        10.15874967
     229         7.91999361
     257         7.53403293
     286         7.94437224
     315         6.77036108
     343         7.02611267
     372         4.91721803
     401        12.88413118
     429         8.51641278
     458         8.98410961
     487         6.92821329
     515         8.52984893
     544        10.82646090
     573         7.79483285
     601         8.68208492
     630         9.74660496
     659         7.57453336
     687         8.06915975
     716        10.31929050
     745         9.14635762
     773         6.24764166
     802         8.90818765
     831         8.11302446
     859        17.26191297
     888         8.33952047
     917         8.79581768
     945         6.73252213
     974         7.35348533
    1003         8.06916497
    1031         9.99258101
    1060         9.05710917
    1089         7.62676186
    1117        10.66211820
    1146         8.78499479
    1175        10.37962696
    1203         8.02347278
    1232         9.04529303
    1261         9.05603773
    1289         9.20473698
    1318         7.48373731
    1347         9.81695924
    1375         7.29838354
    1404        16.08606844
    1433         9.28069940
    1461         8.35635910
    1490         8.56276860
    1518        11.09817965
    1547        17.78071853
    1576         9.89127970
    1604        10.56656127
    1633         8.93155736
    1662        10.27538086
    1690        11.72023721
    1719        11.80517707
    1748        11.48805913
    1776         8.85562913
    1805         9.25069388
    1834         7.44374083
    1862         9.22362193
    1891        12.71709220
    1920         9.71652638
    1948         8.94957959
    1977        10.67414034
    2006        11.17276390
    2034        15.42689883
    2063        12.43175632
    2092        10.17156483
    2120         8.64551848
    2149        10.97518658
    2178         9.17950508
    2206         8.64682408
    2235        15.97213366
    2264         9.67283454
    2292        14.35233727
    2321        12.19919961
    2350         9.94940785
    2378        10.07836109
    2407        13.43393147
    2436         9.05020174
    2464        13.57592453
    2493         8.79431102
    2522        10.85644628
    2550        14.09613012
    2579        11.74825370
    2608         9.92489457
    2636        12.35114215
    2665        15.91902384
    2694         9.44724578
    2722         7.92782683
    2751        12.76672494
    2780        11.81812102
    2808        11.53377928
    2837        12.28958723
