# Ni0                  T
       1         0.07086646
      28         5.11346260
      57         2.32430184
      85         3.47173323
     114         4.42216329
     143         5.98739530
     171         3.90409733
     200         3.91648786
     229         8.12209415
     257         5.60645607
     286         6.04367171
     315         6.60292618
     343         6.27511403
     372         8.46037690
     401         5.11600874
     429         6.63699094
     458         6.26971365
     487         6.91757303
     515         7.40707093
     544         6.65256157
     573         5.99020542
     601         5.89926956
     630         5.39811922
     659         8.03522530
     687         6.46351193
     716         6.43435508
     745         8.74276421
     773         6.97771369
     802         6.79996776
     831         6.35012168
     859         7.37111194
     888         6.67417600
     917         7.62248717
     945        10.08958474
     974         7.46612438
    1003         6.25938638
    1031         7.05900924
    1060         8.95731247
    1089         8.72667605
    1117         9.80215638
    1146        11.85965812
    1175         7.48389675
    1203         6.36991853
    1232         5.69622866
    1261         6.16482241
    1289         8.80165099
    1318         8.06577751
    1347         7.54010658
    1375         9.56064512
    1404         6.74551185
    1433         6.73500867
    1461         7.20929531
    1490         6.32051125
    1518        10.52106034
    1547         8.97753885
    1576         7.35561568
    1604         7.27514282
    1633         8.98733397
    1662         9.02230285
    1690         9.63270835
    1719         7.14379089
    1748         7.63552185
    1776         7.00081224
    1805         7.14405251
    1834         8.04430782
    1862        10.20099940
    1891         9.21880502
    1920         7.38384017
    1948         6.77564964
    1977         7.47514844
    2006        11.56720376
    2034         9.49247171
    2063        10.56965603
    2092         9.10890857
    2120         7.49444932
    2149         9.26146362
    2178         8.93472521
    2206        11.71533729
    2235         7.49461393
    2264         6.82997894
    2292         8.88026155
    2321         8.45175100
    2350         8.09486663
    2378         8.16636756
    2407         7.77672439
    2436        11.84145800
    2464         8.29627139
    2493         8.17592101
    2522         8.20833268
    2550         9.95219987
    2579         7.67358434
    2608         8.33483140
    2636         7.16330841
    2665         9.26894805
    2694         8.50065390
    2722         7.95023416
    2751         9.81344849
    2780        11.37547320
    2808         8.79144932
    2837        11.93910123
