# Ni0                  T
       1         0.58470153
      28         4.61463814
      57         3.89176427
      85         5.20245879
     114         4.08624718
     143         6.75336669
     171         5.65920710
     200         4.37094088
     229         5.02196682
     257         7.89904205
     286         5.48612309
     315         6.43049380
     343         7.21685186
     372         6.26134570
     401         7.52869106
     429        10.63728940
     458         6.06452557
     487         7.16565498
     515         5.94772672
     544         4.91987900
     573         6.74667976
     601         7.14767905
     630         5.98495165
     659         6.98182831
     687         9.08945529
     716         4.91185379
     745         7.64359453
     773         7.38756192
     802         6.83975812
     831         6.76689682
     859         6.52766845
     888         8.09653649
     917         8.41905185
     945         6.73355833
     974         6.11339318
    1003        10.73172978
    1031         7.64502582
    1060         8.84840281
    1089        10.95631741
    1117         7.67679454
    1146         7.22433224
    1175         6.83074176
    1203         6.70922662
    1232         7.74286339
    1261         7.83910095
    1289         8.22040137
    1318         8.25981310
    1347         7.50602982
    1375         7.91974352
    1404         8.44117322
    1433         7.03178050
    1461         7.10754335
    1490         9.61963357
    1518         9.13848763
    1547         7.33087392
    1576         8.60802100
    1604         6.65775298
    1633         6.43269989
    1662        10.84546295
    1690         7.29415292
    1719         7.92165632
    1748         8.20574342
    1776         8.31276231
    1805         7.70028067
    1834         7.89794973
    1862         7.77286983
    1891         9.45205957
    1920         7.89098129
    1948         8.19323396
    1977        10.55012120
    2006         8.27782141
    2034         8.63560141
    2063         7.02260488
    2092         8.08320248
    2120         7.61155604
    2149         7.86688298
    2178         7.20788505
    2206         6.79946040
    2235         6.28068876
    2264         8.68806074
    2292         9.92214625
    2321         7.51955598
    2350         8.89606169
    2378         7.69232623
    2407         6.43773439
    2436         9.50333607
    2464         9.53518217
    2493        10.50329992
    2522         8.81431352
    2550         7.22407304
    2579        11.71628061
    2608        10.00799134
    2636         8.57089813
    2665         8.33179273
    2694         6.87843103
    2722         8.48978223
    2751        11.79420877
    2780         8.48739713
    2808         6.95453604
    2837         7.68635140
