# Ni0                  T
       1         0.44741696
      28         4.91997293
      57         4.38957533
      85         5.39067473
     114         6.34820526
     143         4.11563354
     171         9.90959338
     200         5.96381550
     229         7.04914906
     257         6.83581127
     286         5.93782103
     315         7.74775734
     343         5.75496371
     372         8.26281302
     401         6.14887259
     429         7.60350632
     458         6.33624295
     487         8.20295596
     515        10.14693063
     544         8.17615786
     573        10.00050411
     601         6.93829438
     630         5.70015481
     659         8.84694810
     687         6.45695488
     716         8.55885905
     745         6.55140821
     773         6.22996085
     802         7.85640763
     831         6.23132436
     859         6.57929287
     888         8.82574647
     917         6.10382036
     945         7.56834555
     974         7.62410331
    1003         6.40285444
    1031         7.11989624
    1060        10.38556440
    1089         7.95306981
    1117         8.69220968
    1146        10.05771173
    1175         7.96195503
    1203         7.47422432
    1232         8.62150085
    1261         8.74917157
    1289         9.55844810
    1318         6.20446054
    1347         7.01391583
    1375         6.13407862
    1404         9.20450867
    1433         8.96280832
    1461         6.76068287
    1490         8.86864176
    1518         6.52662989
    1547         8.10852476
    1576         6.79638259
    1604         8.91963713
    1633         7.74297960
    1662         7.02769166
    1690        10.73548577
    1719         6.85219422
    1748         7.70893054
    1776         9.17528310
    1805         8.34805831
    1834         9.51889694
    1862         8.23117039
    1891         9.19877572
    1920         7.16558491
    1948         8.63916762
    1977         7.91260757
    2006         7.41450712
    2034        11.81136988
    2063         7.50517913
    2092         8.28208193
    2120         8.65374497
    2149         8.66235331
    2178         8.58371106
    2206         6.90686238
    2235         8.54304605
    2264         6.83719836
    2292         8.92758900
    2321         6.94768387
    2350         9.47358312
    2378         8.05306310
    2407         9.12083489
    2436         7.40519797
    2464         9.38750619
    2493         7.85389288
    2522         7.90339793
    2550         8.16591634
    2579         8.61521952
    2608         7.97490130
    2636         7.95378470
    2665         8.31976864
    2694         7.12464241
    2722         8.07534945
    2751         8.71679596
    2780         7.48099433
    2808         7.19633625
    2837         6.26803175
