# Ni0                  T
       1         8.36338628
      28         3.74733427
      57         3.96602569
      85         4.87679062
     114         5.13200500
     143         8.41402456
     171         4.77617898
     200         4.50495572
     229         5.63356289
     257         5.39629545
     286         6.50539115
     315         7.12652001
     343        14.23862858
     372         7.17003454
     401         5.21335015
     429        13.21918735
     458         6.42905615
     487         6.88306274
     515         8.20956975
     544         5.43798204
     573         6.07099964
     601         7.07183651
     630         8.60222382
     659         6.06729092
     687         6.37174218
     716         5.51136987
     745         5.56602056
     773         6.50276633
     802         9.43415177
     831         7.91447594
     859         8.99622643
     888         5.21301462
     917         7.70744497
     945         5.57165438
     974         6.38087778
    1003         7.74794716
    1031         6.82581261
    1060         9.09819058
    1089         7.21932214
    1117         7.41912981
    1146         8.19884298
    1175         9.15928003
    1203         9.74638020
    1232         6.13944870
    1261         6.64558306
    1289         8.36980746
    1318         6.21066531
    1347        10.30491172
    1375         8.34409388
    1404         8.02135228
    1433         8.31875646
    1461         7.79009281
    1490         7.55275526
    1518         8.93419328
    1547         7.14790388
    1576         8.19344036
    1604         8.32828243
    1633         7.75233290
    1662         7.05928602
    1690         7.43262210
    1719         8.93246818
    1748         7.59783891
    1776         8.19848381
    1805         6.87188782
    1834         7.56033773
    1862        11.62165647
    1891         8.31561177
    1920         7.07764853
    1948         7.28368144
    1977         9.97060814
    2006         7.01154321
    2034         6.81475340
    2063         7.21241960
    2092        10.23404915
    2120         8.99707460
    2149         8.33655753
    2178         7.44685927
    2206         7.37793622
    2235         7.44350057
    2264         9.22071305
    2292         6.94413703
    2321         8.05978264
    2350         6.22553594
    2378         9.20995174
    2407        11.44597619
    2436         7.12248332
    2464         8.81435267
    2493         7.97867077
    2522         8.08865298
    2550         8.85749970
    2579         7.59856030
    2608         8.53076751
    2636         7.73808140
    2665        10.20865929
    2694         9.01614754
    2722         8.22132323
    2751         7.62064063
    2780         8.91212243
    2808         8.73441606
    2837         8.79293628
