1324
1324
1324
1324
1324
1324
1324
1324
1324
1324
1324
1324
1324
1324
1324
1324
1324
1324
1324
1324
1324
1324
1324
1324
1324
1324
1324
1324
1324
1324
1324
1324
1324
1324
1324
1324
1324
1324
1324
1324
1324
1324
1324
1324
1324
1324
1324
1324
1324
1324
1324
1324
1324
1324
1324
1324
1324
1324
1324
1324
1324
1124
1324
1324
1324
1324
1324
1324
1324
1324
1324
1324
1324
1324
1324
1324
1324
1324
1324
1324
1324
1324
1324
1324
1324
1324
1324
1324
1324
1324
1324
1324
1324
1324
1324
1324
1324
1324
1324
1324
