# Ni0                  T
       1         0.05078169
      28         3.27462337
      57         5.65027124
      85         3.66828518
     114         5.41365654
     143         7.35955279
     171         6.77809283
     200         6.99602105
     229         6.41850831
     257         4.60977320
     286         9.46095324
     315         5.63874411
     343         7.89005067
     372         6.79156160
     401         9.58204864
     429        12.43063868
     458         8.02383545
     487         7.38378674
     515         7.82620157
     544         7.02719345
     573         8.35527662
     601         6.58445549
     630         7.75030525
     659         7.54084402
     687         7.42486793
     716         6.54587785
     745         6.64019877
     773         8.43182000
     802         7.19770440
     831         7.93378893
     859         7.92190412
     888         6.70917202
     917         6.22834712
     945         7.57342916
     974         8.74975604
    1003         7.40998180
    1031         8.81358943
    1060         7.32393927
    1089         7.18844950
    1117         8.14081891
    1146         7.30519302
    1175         9.15017253
    1203         8.01484140
    1232         8.09105221
    1261         7.34375663
    1289        12.95379736
    1318         8.20967636
    1347         8.81044419
    1375         8.41811424
    1404        12.26223289
    1433         7.39572592
    1461        12.85733314
    1490         9.46316588
    1518         9.57528249
    1547        13.29569540
    1576         8.55727996
    1604        13.23573298
    1633         9.43342879
    1662         9.59492883
    1690        11.93806844
    1719         7.91572796
    1748         7.02354141
    1776         7.72939798
    1805         9.53975640
    1834         8.46639633
    1862         8.73449942
    1891         8.89945716
    1920         7.37008921
    1948         8.77676443
    1977        14.30986022
    2006        10.27781057
    2034        10.19793050
    2063        10.21865168
    2092        12.73526255
    2120         7.63373401
    2149         7.56178363
    2178        10.62231436
    2206        10.43133247
    2235         9.93655520
    2264         8.68893192
    2292         9.05738188
    2321         8.94387134
    2350        10.26129202
    2378         9.49725097
    2407        10.60214788
    2436        14.37541167
    2464        10.70958653
    2493         7.47970839
    2522         9.96918589
    2550        10.63418296
    2579         9.98326598
    2608         8.69927793
    2636        16.16894285
    2665        12.63150990
    2694         8.76726909
    2722         8.60699831
    2751         8.15710238
    2780        11.02072993
    2808         9.38970959
    2837         9.70387058
