# Ni0                  T
       1         1.39451614
      28         2.28660872
      57         3.02199315
      85         6.52387304
     114         6.29198050
     143         7.18401132
     171         7.37042533
     200         5.20713206
     229         5.62120098
     257         7.58088412
     286         5.20564095
     315         5.10933034
     343         6.18791479
     372         8.69550569
     401         8.38687753
     429         7.99390013
     458         7.95193523
     487         7.63879131
     515         8.11652944
     544         6.38717840
     573         7.62893966
     601        11.93075471
     630         8.47022828
     659         8.56134424
     687         8.63721553
     716         9.08670243
     745         7.42961554
     773         8.89324750
     802         8.31346188
     831         7.50144221
     859         8.16646769
     888         6.39469875
     917        12.23803662
     945         8.96315099
     974         6.46829907
    1003         8.02765723
    1031         8.30063468
    1060         6.93262004
    1089         7.83434347
    1117         7.43069574
    1146        13.56596383
    1175         8.35924640
    1203         8.01819718
    1232         7.80537272
    1261        13.50358462
    1289         9.61465087
    1318         7.94061379
    1347         8.23561737
    1375        10.06004485
    1404        10.43413246
    1433         6.55783896
    1461        10.50616695
    1490         6.83889889
    1518         7.59762402
    1547         8.28077761
    1576        12.76404493
    1604         7.69607630
    1633         8.79121067
    1662         7.58388664
    1690         9.37874015
    1719         7.96204725
    1748         7.19485394
    1776        11.92444534
    1805         8.35227806
    1834         8.52830186
    1862         9.12095819
    1891         8.02305320
    1920         9.25562709
    1948         9.09508484
    1977        10.01851318
    2006         8.48522997
    2034         9.22807910
    2063         9.69427515
    2092        10.99388347
    2120         9.31529600
    2149         8.78255179
    2178        12.12721893
    2206         8.34443754
    2235        10.37966565
    2264         8.56136843
    2292         9.31403549
    2321         8.94142989
    2350         8.70415734
    2378        11.75912416
    2407         9.12434577
    2436         7.52969336
    2464         8.32709348
    2493         9.32446565
    2522         9.85695151
    2550         7.30466935
    2579         7.87574572
    2608         9.32637429
    2636         8.21773477
    2665         7.30865158
    2694         8.27912101
    2722        12.03488273
    2751         9.36785239
    2780         9.13898154
    2808         8.57220502
    2837         9.20771727
