# Ni0                  T
       1         1.42331412
      28         3.18546761
      57         5.99004625
      85         4.51482023
     114         5.53611811
     143         4.74894367
     171         4.45914340
     200         6.79465485
     229         5.46411723
     257         5.09439646
     286         8.54767498
     315         7.77127789
     343         5.01609489
     372         6.01798774
     401         9.81803247
     429         5.16504036
     458         6.70253863
     487        10.21752752
     515         7.84130077
     544         6.20730762
     573        10.10472546
     601         7.86443181
     630         5.43816040
     659         5.66348470
     687         9.66170157
     716         5.69260500
     745         9.11618676
     773         6.96236469
     802         6.97645859
     831         8.64559550
     859         6.85353878
     888         6.04347975
     917         7.74274979
     945         5.96814178
     974         6.99036329
    1003         6.60212344
    1031         7.04241781
    1060         8.90244901
    1089        10.51226470
    1117        10.67123703
    1146         6.36807211
    1175         6.62963482
    1203         7.71961506
    1232         8.34099041
    1261         7.62475602
    1289         6.80706705
    1318         8.45976297
    1347         7.57302362
    1375         8.31427438
    1404         8.27705026
    1433         8.37188636
    1461         7.54733016
    1490         7.84124313
    1518         9.71458488
    1547         9.97152746
    1576         8.40075552
    1604         7.47077848
    1633         7.45372515
    1662         7.88115633
    1690         8.01017989
    1719         7.14236543
    1748         6.13697331
    1776         9.08424656
    1805         9.10804680
    1834         9.23670682
    1862        10.54807048
    1891         8.01137683
    1920         7.10865472
    1948         7.80043196
    1977         7.86703869
    2006         7.12355843
    2034         9.84482386
    2063         8.96614797
    2092         7.95069632
    2120        13.82278523
    2149         8.10545991
    2178         8.17767196
    2206        10.77985549
    2235         8.62202809
    2264         9.96941915
    2292         7.64425545
    2321         7.37637281
    2350         8.77660369
    2378         7.30845207
    2407         7.49965197
    2436         7.88881604
    2464        11.95825972
    2493         8.59492170
    2522         8.33884794
    2550         7.88710198
    2579         8.16460136
    2608         9.20660891
    2636         7.78947958
    2665         7.73678899
    2694         9.46267911
    2722         9.24093940
    2751         7.56546352
    2780         7.62418382
    2808         7.90923537
    2837         8.81978959
