# Ni0                  T
       1         0.32145909
      28         4.57438733
      57         5.61348176
      85         3.27426088
     114         4.59451749
     143         5.57256256
     171         6.37698999
     200         4.82017983
     229         4.68926541
     257         5.58771123
     286         4.98656053
     315         5.56652767
     343         6.82947718
     372         6.97752458
     401         6.64637697
     429         5.96994475
     458         8.25634812
     487         7.10591707
     515         5.41953720
     544         9.10745013
     573         5.86737186
     601         5.26650558
     630         5.96688226
     659         8.19480535
     687        10.77752101
     716         7.89171467
     745         6.92698172
     773         6.56063644
     802         7.85977192
     831         6.54944104
     859         8.18956072
     888        11.44501539
     917         6.41942965
     945         7.75131119
     974         7.83358159
    1003         7.02564371
    1031         6.90048632
    1060         6.03434440
    1089         7.60772912
    1117         7.94457369
    1146         8.11499496
    1175        10.86061025
    1203         6.43468087
    1232         6.96957429
    1261        14.56495137
    1289         6.87390962
    1318         9.00543753
    1347         7.90971214
    1375         6.66294262
    1404        10.82362750
    1433         7.44234636
    1461         6.50031746
    1490         5.87645242
    1518         7.87842299
    1547         9.81261944
    1576         7.45964288
    1604         6.76593587
    1633         6.35558261
    1662         6.23554568
    1690         7.78685505
    1719         8.86018086
    1748         9.82794898
    1776         6.47891469
    1805         7.57220361
    1834        11.41410325
    1862        13.96983475
    1891         5.71282544
    1920         7.57007821
    1948         6.71532176
    1977        16.02597864
    2006         9.16257765
    2034         6.91341350
    2063         6.78021456
    2092         7.51018687
    2120         6.85747462
    2149         6.42094540
    2178         9.08956480
    2206         6.94020966
    2235         8.96973821
    2264         8.70372672
    2292         7.28000666
    2321         7.77480882
    2350         8.38276410
    2378         6.93039565
    2407         8.56164607
    2436         7.98288503
    2464         7.52011677
    2493         9.17887479
    2522         7.69456114
    2550         7.96797349
    2579         7.36628170
    2608         8.56643314
    2636         6.68175725
    2665         7.99992156
    2694         9.81339303
    2722         8.06204061
    2751         8.77334118
    2780         6.84164997
    2808        10.54242248
    2837         7.64897749
