# Ni0                  T
       1         1.96549254
      28         4.90669513
      57         3.81034993
      85         4.60687670
     114         4.31657702
     143         6.51342340
     171         6.12392459
     200         5.11298571
     229         4.57434632
     257         6.15485157
     286         6.38539958
     315         7.11833154
     343         4.75544263
     372         7.56724903
     401         6.79855859
     429         5.41126376
     458         5.89345208
     487         8.70021082
     515         6.13500151
     544         9.33639650
     573         5.82902913
     601         7.40562688
     630         6.19008514
     659         7.78045425
     687         8.21868976
     716         6.85438271
     745         8.07616045
     773         6.75869636
     802         7.00446593
     831         6.96507942
     859         7.23444312
     888         5.35325471
     917         9.14215805
     945         7.97018250
     974         6.32212370
    1003         8.62873456
    1031         6.99323083
    1060         7.65716513
    1089         8.13507410
    1117        12.42025682
    1146         7.07224449
    1175         7.35411928
    1203         7.58602687
    1232         6.65616965
    1261         7.56520947
    1289         6.65659221
    1318         8.74645382
    1347        12.07399519
    1375         6.18423375
    1404         7.79405254
    1433         7.06567785
    1461         7.00520594
    1490         9.26194030
    1518         8.03429202
    1547         8.29522787
    1576         8.61552730
    1604         6.69834179
    1633         7.97390249
    1662         7.99827891
    1690         8.07531249
    1719         7.45605667
    1748        10.85631437
    1776         6.36474051
    1805         6.19337860
    1834         7.86919360
    1862         6.48691288
    1891        10.48646898
    1920         7.80515943
    1948         8.01911468
    1977        10.58200113
    2006         9.26786537
    2034         7.16520527
    2063         7.62640344
    2092         8.13028958
    2120         7.19445726
    2149         8.16334335
    2178         8.49647300
    2206        10.91267990
    2235         8.34490825
    2264         6.40648701
    2292         8.37107475
    2321        10.61303771
    2350         8.61523713
    2378         8.37620084
    2407         6.96795260
    2436         9.45256342
    2464         6.79006717
    2493         8.04760798
    2522        10.84567959
    2550         8.34816458
    2579        12.14143767
    2608         8.55491989
    2636         9.43431474
    2665         9.21415102
    2694         9.42537453
    2722        10.78147586
    2751         7.92556236
    2780         7.67640644
    2808         9.48529859
    2837         8.52484034
