# Ni0                  T
       1         2.03485561
      28         2.90635149
      57         6.70468936
      85         7.62552582
     114         4.97665651
     143         5.42646335
     171         5.48937201
     200         5.91844165
     229         6.37545643
     257         5.18836148
     286         7.61790275
     315         7.90582328
     343         6.18213320
     372         5.11601201
     401         5.67233546
     429         6.21425958
     458         6.74612951
     487         6.58936402
     515         7.02081851
     544         7.42883516
     573         5.49805417
     601         7.48438031
     630         8.45086869
     659         6.71505163
     687         8.37977704
     716         7.39052518
     745         8.93811421
     773         6.96246880
     802         5.72413818
     831         6.01616751
     859         7.82031650
     888         7.81168769
     917         6.75288502
     945         8.37448416
     974         6.86506995
    1003         9.06580095
    1031         9.95207638
    1060         6.91820092
    1089         7.14608238
    1117         8.07649226
    1146         8.64510993
    1175         8.41847574
    1203         9.27103738
    1232         9.33609786
    1261         8.06582677
    1289         5.96006731
    1318        12.05690635
    1347         6.51078197
    1375         7.69587392
    1404         7.30865235
    1433         7.33553150
    1461         6.81366952
    1490         7.26775974
    1518         8.29314332
    1547         6.97674880
    1576        11.16359335
    1604         6.94649950
    1633         7.16844718
    1662         7.50899630
    1690         7.96460938
    1719         8.58006068
    1748         7.66493232
    1776         6.60808006
    1805         7.91072832
    1834         9.37084709
    1862         8.50428088
    1891         8.34695133
    1920         8.38743927
    1948         7.34830506
    1977         6.88165189
    2006         7.50043027
    2034         7.16908473
    2063         7.70394689
    2092         9.35237585
    2120        10.28570377
    2149         6.77902223
    2178         7.79129709
    2206         7.72500362
    2235         7.49169836
    2264        10.87711965
    2292         6.98662412
    2321         7.42779060
    2350         8.55897609
    2378         7.81623165
    2407         7.42234073
    2436         6.91660552
    2464         9.46577676
    2493         8.79079794
    2522         8.77488954
    2550         8.47743040
    2579         6.56122546
    2608         8.84172306
    2636         8.06972939
    2665         7.21130679
    2694         7.31612311
    2722         7.87521123
    2751         8.36650674
    2780         8.86280823
    2808        10.12140422
    2837         8.84033103
