# Ni0                  T
       1         2.06048671
      28         3.42533338
      57         4.16776609
      85         4.65377688
     114         6.27283384
     143         4.68136404
     171         5.48605639
     200         7.57649301
     229         6.69676692
     257         5.18235963
     286         5.02590476
     315         7.01370579
     343         4.88064490
     372         6.22493914
     401         6.88071856
     429         6.06683415
     458         6.51725891
     487         5.78901814
     515         7.32736845
     544         6.18005967
     573         5.30268198
     601         6.79430858
     630         5.37655939
     659         8.72436340
     687         6.88375725
     716         8.47091200
     745         6.45728838
     773         8.00598907
     802         7.14538581
     831         6.77033809
     859         7.96835952
     888         7.92373299
     917         7.87779383
     945         7.28230018
     974         6.20607320
    1003         7.96080124
    1031         7.19935413
    1060         6.48719267
    1089         6.70000844
    1117         9.23892976
    1146         8.58539380
    1175         6.97624455
    1203         7.53444423
    1232         6.96844988
    1261         6.65378653
    1289         8.99416330
    1318         7.13975613
    1347         6.75585824
    1375         9.94312261
    1404         6.67076652
    1433         6.27578747
    1461         6.83924016
    1490        10.10690070
    1518         9.27060737
    1547         6.31442630
    1576         7.10342105
    1604         7.81987694
    1633         6.81943340
    1662         7.61044881
    1690        13.62175337
    1719         8.85880053
    1748         9.82564103
    1776         6.47771045
    1805         7.57069928
    1834         8.77821222
    1862        13.96671168
    1891         5.71167243
    1920         7.56895586
    1948         6.71416668
    1977        16.00542771
    2006         9.16071189
    2034         8.12959215
    2063         6.77928138
    2092         7.50892147
    2120         6.22169766
    2149         6.41988054
    2178         9.08835043
    2206         6.93916413
    2235         8.34408287
    2264         8.69964189
    2292         9.07880744
    2321         8.08355269
    2350         6.84497313
    2378         7.32158888
    2407         7.55042433
    2436         7.75405666
    2464         8.70816307
    2493        11.42297383
    2522         7.69291859
    2550         7.96609757
    2579         7.36501310
    2608         7.82575058
    2636         6.27588758
    2665         7.57496764
    2694         7.53657623
    2722         7.87553832
    2751         7.91287829
    2780         7.00746226
    2808         7.46729964
    2837         9.23392336
