# Ni0                  T
       1         0.03777694
      28         3.21859882
      57         4.79786140
      85         6.14512513
     114         4.84267937
     143         4.57052026
     171         6.58890389
     200         5.69287864
     229         5.80868360
     257         8.98263342
     286         7.57455611
     315         7.72496806
     343         4.40185198
     372         5.42150310
     401         4.75300965
     429         5.73645462
     458         8.12862095
     487         7.22762912
     515         6.63505223
     544         8.04372147
     573         8.27899570
     601         6.88982058
     630         7.16786121
     659         6.00560916
     687         5.89032701
     716         6.05021207
     745         8.38263681
     773         6.85079783
     802         5.65541894
     831         5.38584254
     859         7.58826906
     888         7.14793834
     917         7.97230351
     945         7.65380576
     974         6.29693122
    1003         7.33259039
    1031         8.70263357
    1060         8.01036532
    1089         6.90179443
    1117         6.64857032
    1146         6.72912666
    1175         6.56345394
    1203         7.21267258
    1232         7.45547811
    1261         6.86964837
    1289         6.38977303
    1318         8.54741616
    1347         8.33478508
    1375         7.80895652
    1404         8.34824282
    1433         7.77126417
    1461         8.99539197
    1490        10.72426998
    1518         9.47937518
    1547         8.35847269
    1576         7.64345110
    1604         8.05902912
    1633         8.27360561
    1662         7.63552984
    1690        11.79839788
    1719         8.93085362
    1748         8.38771130
    1776         7.45230264
    1805         9.43596318
    1834         9.65973104
    1862         8.38362715
    1891         7.53781238
    1920         8.46686423
    1948         8.19976231
    1977         7.76827551
    2006        11.02281314
    2034         6.53210936
    2063         7.67304431
    2092         6.69846317
    2120         8.51412027
    2149         7.43907424
    2178         9.54493302
    2206        10.25760645
    2235         7.67031980
    2264         6.71056838
    2292         8.95779413
    2321        11.67210540
    2350         8.27526411
    2378         9.38080023
    2407         8.29396503
    2436         7.18088836
    2464         9.58041165
    2493         7.90707515
    2522         9.42057216
    2550        11.09167202
    2579         7.31161497
    2608         8.00091329
    2636         7.02524617
    2665         7.88497453
    2694         7.97776777
    2722        10.10220074
    2751         7.11534914
    2780         9.61550543
    2808         9.67610158
    2837         8.68551198
