# Ni0                  T
       1         0.79850884
      28         3.47060269
      57         6.46922437
      85         4.53161465
     114         6.63646414
     143         5.14384893
     171         5.63759707
     200         4.82024091
     229         6.73131964
     257         9.11775667
     286         8.15023319
     315         4.56837576
     343         6.02926809
     372         7.45077679
     401         7.64978097
     429         7.42039669
     458         6.31518772
     487         6.33507948
     515         6.11737278
     544         7.54839209
     573         6.30111703
     601         7.24383465
     630         7.06898129
     659         6.51444068
     687         7.44606966
     716         8.93273916
     745         6.94732495
     773         6.65500448
     802         7.67585177
     831         8.23211398
     859         7.40169363
     888         6.79696641
     917         6.89151362
     945         8.35980936
     974         8.01230439
    1003         7.98883830
    1031         8.75446054
    1060         9.08518186
    1089         8.38177752
    1117         8.39402504
    1146         7.25404052
    1175        15.26494736
    1203         7.17732932
    1232         8.61574700
    1261         8.57885308
    1289         5.81358209
    1318         5.90480091
    1347        12.19575694
    1375        10.89443301
    1404        11.01332612
    1433        14.02259719
    1461         7.90080685
    1490         7.04538314
    1518         9.75423163
    1547         8.94941410
    1576        13.78711264
    1604         9.25064527
    1633        11.82289965
    1662         9.75010082
    1690         6.82718805
    1719         8.66342158
    1748         8.25739546
    1776         7.81214658
    1805        11.84716775
    1834         6.28794216
    1862         6.47915999
    1891         8.99568188
    1920        10.71927941
    1948        11.24684885
    1977         8.32344336
    2006        10.22690426
    2034         9.69144833
    2063         9.80986806
    2092        11.26623413
    2120         7.09357277
    2149         7.57656958
    2178         9.60076525
    2206        12.26888860
    2235         9.40234854
    2264        11.02048955
    2292         9.34494946
    2321         8.19136692
    2350         8.66166170
    2378        12.83323246
    2407        10.03468144
    2436         8.50562380
    2464         9.32018565
    2493         7.32910549
    2522        11.01809723
    2550         9.03603656
    2579        12.14284012
    2608         8.57688195
    2636        11.73766532
    2665         8.66761028
    2694        11.76367848
    2722         9.65513791
    2751        11.81650288
    2780         8.80497079
    2808        11.02670542
    2837         9.70271784
