# Ni0                  T
       1         0.24888940
      28         3.15602281
      57         5.03679495
      85         3.20829111
     114         8.35548151
     143         4.79766148
     171         4.17209369
     200         7.90763798
     229         7.45728513
     257         5.68951578
     286         4.58416392
     315         6.14206814
     343         4.86176602
     372         6.31046357
     401         6.26934033
     429         6.35366136
     458         6.67631348
     487         8.86457275
     515         5.44802160
     544         4.99743134
     573         6.10466136
     601         8.51108438
     630         6.28623682
     659         9.29435572
     687         7.22919324
     716         6.37858131
     745         6.29508034
     773         9.74923233
     802         7.31171572
     831         8.44305621
     859         6.70225995
     888         8.66795103
     917         6.53755288
     945         8.33059566
     974        10.95837480
    1003        10.02848791
    1031         6.20356929
    1060         6.56404044
    1089         6.76546356
    1117         8.83308880
    1146         7.79120923
    1175         7.34475001
    1203         8.09371138
    1232         6.58998750
    1261         8.46741970
    1289         6.65405750
    1318        11.28524190
    1347         7.56591298
    1375         8.36312618
    1404         7.51392292
    1433         6.58031951
    1461         7.56055029
    1490         6.96636984
    1518        10.81157235
    1547         9.23746655
    1576         8.99943061
    1604         8.86900886
    1633         9.65541488
    1662         6.97606929
    1690         6.58057900
    1719         9.26798645
    1748         7.36542941
    1776         7.05890630
    1805         8.20619840
    1834         6.99704935
    1862         7.47584267
    1891         6.96094027
    1920         8.01572840
    1948         7.97042898
    1977         7.20641421
    2006         9.10476817
    2034         9.06061353
    2063         7.58486716
    2092        10.58957006
    2120         7.32675389
    2149         6.89196795
    2178         8.27162495
    2206         8.19050449
    2235         9.02372583
    2264         8.78218262
    2292        11.86813910
    2321         8.39571234
    2350         7.84540929
    2378         9.52146129
    2407         9.12841961
    2436         8.65613136
    2464         7.69332254
    2493         8.46716097
    2522        10.12979946
    2550         8.96287869
    2579         7.53986337
    2608         7.23153296
    2636         9.45036107
    2665         9.74968995
    2694         8.47993516
    2722         9.90364892
    2751         7.73762928
    2780         7.68644685
    2808        11.29480809
    2837         8.18711835
