# Ni0                  T
       1         0.88620863
      28         4.48197489
      57         6.20204913
      85         4.14363065
     114         4.90571996
     143         4.40678617
     171         7.09015075
     200         6.92769535
     229         6.67833440
     257        10.14805355
     286         6.38471468
     315        10.23169454
     343         5.51493844
     372         5.40739297
     401        11.40076229
     429         5.73766679
     458         6.49064568
     487         7.05095185
     515         5.19991124
     544         9.62587563
     573         7.22660415
     601         6.80120080
     630         7.23037196
     659        11.02539299
     687         9.32188499
     716         9.67198780
     745         8.91199024
     773        11.42043548
     802         8.66700355
     831         8.22547459
     859         7.44581136
     888        10.31762524
     917         9.44497648
     945        10.06775353
     974         6.88450179
    1003         7.87949402
    1031         9.11601758
    1060         7.19063240
    1089         7.19257650
    1117         6.10647781
    1146        12.31216713
    1175         7.48187809
    1203         8.43892666
    1232         9.68710741
    1261        10.09851502
    1289         8.94614747
    1318         7.40305516
    1347         6.88246518
    1375        10.26913152
    1404         6.68273070
    1433         8.23797496
    1461         8.28665308
    1490         8.91835280
    1518        11.75538253
    1547         9.24217510
    1576         6.88464535
    1604         9.25541559
    1633         8.19804367
    1662         7.55419010
    1690         9.91968093
    1719        10.28151159
    1748        12.62505053
    1776         6.69136424
    1805        10.37021550
    1834        10.23184310
    1862         8.19486346
    1891         6.77064557
    1920         5.94094758
    1948         8.07150868
    1977         9.78181300
    2006         8.85143774
    2034         9.05336790
    2063         9.64404745
    2092         7.85965538
    2120         8.58610393
    2149         8.28328999
    2178         8.64618922
    2206         6.78422387
    2235        10.58774292
    2264         8.03205000
    2292        11.32330275
    2321         9.20210901
    2350        22.03490615
    2378         9.88928150
    2407         8.12415721
    2436         7.51237029
    2464         9.45540555
    2493         7.03561568
    2522         8.91085457
    2550         9.13672751
    2579         6.68766515
    2608         7.25939777
    2636         8.61001921
    2665         9.03568269
    2694         8.62627537
    2722         7.00016672
    2751         9.25337106
    2780         8.27338201
    2808         8.03185570
    2837        11.90563905
