# Ni0                  T
       1         1.30908988
      28         2.95214776
      57         9.30097401
      85         4.12569609
     114         4.84981599
     143         6.69501471
     171         4.31203278
     200         5.51370445
     229         5.14209520
     257        10.23680764
     286         7.30440134
     315         5.29549002
     343        10.99859330
     372         6.25239061
     401         5.26290582
     429         7.79237345
     458         4.98251333
     487         5.81357032
     515         5.94447698
     544         5.60745420
     573         6.39701136
     601         6.59858637
     630         8.55574428
     659         7.24978325
     687         7.82017157
     716         7.79417255
     745        15.46780361
     773         7.13634374
     802         8.22348140
     831        11.00057203
     859         7.72841574
     888         7.12590859
     917         9.25609721
     945         9.44247113
     974         6.76199149
    1003         8.40752984
    1031         6.87516871
    1060         8.14957425
    1089         6.03529613
    1117         7.98625982
    1146        11.56807892
    1175         9.84214228
    1203         8.30058862
    1232         8.41431278
    1261         7.02298678
    1289         9.20047903
    1318         7.22080188
    1347         8.21301097
    1375         7.49009802
    1404         7.65696633
    1433         9.75467817
    1461         7.73380669
    1490        10.86590915
    1518         7.09999530
    1547         6.79981992
    1576         6.72026064
    1604         6.40471195
    1633         8.02227976
    1662         7.98541691
    1690         6.40410718
    1719         9.04963739
    1748         7.56456926
    1776         9.21681515
    1805         6.76127751
    1834         8.19456205
    1862         8.11328484
    1891         9.47139125
    1920         8.26781456
    1948         5.86239313
    1977         7.62150808
    2006         7.94733958
    2034         8.53198426
    2063         7.75609990
    2092        11.49630865
    2120         6.59574979
    2149         7.68298212
    2178        11.14012217
    2206         9.74313755
    2235         8.04624382
    2264         9.84350415
    2292         8.88051762
    2321         8.37254401
    2350         9.80853320
    2378         7.06629662
    2407         9.62013243
    2436         7.36678353
    2464         8.69007829
    2493         7.08838572
    2522         6.90204585
    2550         7.68409885
    2579         9.14076311
    2608         8.25364417
    2636         9.15311664
    2665         9.22537461
    2694         9.43119638
    2722         9.91599572
    2751         7.93346770
    2780         8.30372804
    2808         5.42930331
    2837        11.38861195
