# Ni0                  T
       1         0.36220856
      28         6.35058623
      57         3.50707207
      85         3.80408843
     114         4.50330021
     143         5.45161577
     171         5.95359352
     200         6.02885856
     229         5.00547238
     257         7.13763638
     286         5.06986111
     315         5.13472509
     343         4.97629357
     372         6.38909940
     401         7.93127533
     429         6.23251914
     458         5.29467383
     487         6.66486007
     515         8.11144672
     544         5.53632913
     573         6.48660579
     601         6.20025749
     630         8.07016998
     659         6.26343707
     687         7.32124242
     716         6.73142082
     745         8.02123360
     773         5.76663351
     802         8.35257599
     831         8.35240532
     859         8.33417220
     888         6.80626500
     917         9.37366827
     945         7.01867193
     974         7.21746333
    1003         7.63152999
    1031         7.69784227
    1060         6.60357018
    1089         7.60506662
    1117         6.66208537
    1146        12.11810778
    1175         6.65084878
    1203         8.30097383
    1232         5.89413701
    1261         8.95278644
    1289         8.29701885
    1318         9.72975515
    1347         6.51318545
    1375         7.31779999
    1404         8.01310093
    1433         7.13649948
    1461         8.19149129
    1490         8.04165408
    1518         7.11342233
    1547         6.39535750
    1576         6.39798739
    1604         9.64515353
    1633         8.73107129
    1662         7.88718446
    1690         6.11569767
    1719         7.65765538
    1748         9.99083967
    1776         8.59596210
    1805         8.44205102
    1834         7.70982545
    1862         7.00821461
    1891         8.53575113
    1920         8.12994920
    1948        11.78331174
    1977         9.28032232
    2006         8.01236296
    2034         6.85921353
    2063         9.86105785
    2092        11.85154337
    2120         8.84098025
    2149         7.39267807
    2178         7.61722019
    2206         7.65025803
    2235        11.50545530
    2264        10.50700960
    2292         8.25260165
    2321         8.35508618
    2350         9.12823595
    2378         8.35109187
    2407         8.54647599
    2436         8.25942493
    2464         8.07651101
    2493         8.56847587
    2522         7.32276354
    2550         7.66437487
    2579         9.13388083
    2608         8.92934209
    2636         7.15311210
    2665         6.63019960
    2694         7.44585960
    2722         8.36360636
    2751        10.16826294
    2780         9.91259438
    2808         8.23257449
    2837        10.18275006
