# Ni0                  T
       1         2.08440872
      28         2.94399945
      57         3.47931748
      85         6.01759018
     114         3.69522544
     143         6.00469334
     171         5.19192759
     200         5.70900578
     229         4.79792666
     257         5.57155950
     286         6.92722787
     315         6.46845472
     343         5.30102334
     372         6.01370027
     401         5.52629786
     429         6.33559909
     458         5.41741528
     487         6.11098847
     515         7.32024845
     544         7.22910353
     573         6.19074318
     601         9.14206393
     630         7.08712604
     659         6.93618111
     687         6.60956675
     716         7.31441964
     745         7.72047053
     773         5.24413955
     802         6.74204263
     831         7.00951727
     859         6.63056990
     888         5.73128048
     917         6.52152210
     945         7.37799586
     974         6.28390911
    1003         5.74781122
    1031         8.47005001
    1060         8.81864100
    1089         8.49714767
    1117         5.98116421
    1146         6.65020045
    1175         6.92965620
    1203         8.51455838
    1232         8.72117609
    1261         7.75977783
    1289         6.26067146
    1318         8.87674095
    1347         7.40910310
    1375         8.74966643
    1404         7.09409627
    1433         8.23085766
    1461         9.11560365
    1490         7.41389805
    1518        10.41061168
    1547         6.61153378
    1576         7.16235419
    1604         7.59407434
    1633         7.12170731
    1662         8.19991766
    1690        10.74341587
    1719         7.61768475
    1748         7.03910015
    1776         7.72005419
    1805         7.76239729
    1834         8.62357561
    1862         6.44920542
    1891         9.97778172
    1920         8.50533175
    1948         7.56648378
    1977         6.84827446
    2006         8.28882049
    2034        14.87145067
    2063         7.51500042
    2092         9.25407508
    2120        10.38335469
    2149         8.37128776
    2178         8.80013837
    2206         8.25091561
    2235         7.27423177
    2264         8.51809528
    2292         8.67254611
    2321        14.54060927
    2350         7.67585948
    2378         8.44076252
    2407         6.71466508
    2436         9.86847465
    2464        13.44241861
    2493         9.79116892
    2522         7.59638195
    2550         8.83854304
    2579         9.40666715
    2608         7.56199604
    2636         8.80870135
    2665         7.86746865
    2694         8.90249314
    2722         9.22196434
    2751         6.87393503
    2780         7.11024343
    2808         7.64597182
    2837         8.70649980
