# Ni0                  T
       1         0.08489224
      28         4.46851011
      57         3.52517833
      85         4.11565946
     114         5.48143936
     143         5.37880671
     171         4.92225717
     200         8.68489397
     229         7.45726126
     257         5.35891817
     286         5.99162189
     315         6.75105157
     343         8.21474248
     372         5.14149549
     401         5.54732564
     429         6.03438451
     458         6.57373288
     487         5.90567558
     515         7.60162520
     544         4.93308938
     573         6.51821555
     601         5.84401123
     630         5.05596142
     659         6.12136308
     687         8.39824085
     716         6.40589757
     745         6.39950604
     773         7.06465752
     802         7.40053443
     831         8.08693330
     859         9.16707691
     888         7.20694358
     917         7.87405905
     945        10.49685578
     974         6.74102770
    1003         7.96183227
    1031         6.33231125
    1060         7.43795998
    1089         7.34440228
    1117         7.78754351
    1146         5.85944438
    1175         6.90544188
    1203         6.92010415
    1232         8.99522172
    1261         6.64727463
    1289         6.76510046
    1318         9.72907549
    1347         6.25725000
    1375         6.86738293
    1404         7.69142572
    1433        11.32734493
    1461         7.04968937
    1490         7.36850465
    1518         6.16760996
    1547         7.18044310
    1576         6.42475381
    1604         5.91292453
    1633         8.79782382
    1662         9.06055236
    1690         7.69093572
    1719        10.11445773
    1748         6.10177355
    1776         7.09970630
    1805         6.78482518
    1834         7.79220396
    1862         6.32501931
    1891         9.60846266
    1920         8.80332545
    1948         7.30083466
    1977         6.56540072
    2006         7.04630878
    2034         8.56292594
    2063         6.92331361
    2092         7.84107061
    2120         8.89378642
    2149         8.00928303
    2178         9.95369719
    2206         7.91721953
    2235         9.59782553
    2264         9.50925298
    2292         9.37967986
    2321         7.80222322
    2350         8.84568923
    2378         7.34874018
    2407         9.05853281
    2436         7.96413096
    2464         8.15769032
    2493         9.66133528
    2522        10.47342274
    2550         7.47385279
    2579         7.32756388
    2608         8.35810361
    2636         7.08380667
    2665         9.80678464
    2694         9.81031633
    2722         9.19813610
    2751         7.50084481
    2780         7.93397859
    2808         8.57746967
    2837         9.31408285
