# Ni0                  T
       1         0.44744944
      28         4.92011774
      57         4.38982957
      85         5.39175489
     114         6.35297964
     143         4.11789844
     171         9.91158764
     200         5.96446075
     229         7.05370330
     257         6.83685254
     286         5.93867001
     315         7.75827937
     343         5.75582699
     372         8.26353131
     401         6.85261946
     429         6.21304280
     458         6.01813418
     487         4.69199735
     515         5.39065831
     544         6.23583707
     573         6.49539267
     601         7.37502128
     630         7.14169351
     659         8.56415785
     687         5.25211276
     716         7.62670298
     745         9.35238833
     773         6.44961008
     802         9.94129992
     831         8.20360191
     859         6.21920267
     888         8.67262251
     917         6.23699084
     945         7.29688022
     974         8.54132233
    1003         9.49276131
    1031         7.12612696
    1060         7.47366360
    1089        10.68508334
    1117         6.40808613
    1146         6.68253506
    1175         9.07839512
    1203         7.63952210
    1232         6.17791326
    1261         6.85480734
    1289         7.50984754
    1318         5.90998131
    1347         7.93630254
    1375        10.51240359
    1404         5.86171325
    1433         8.96347307
    1461         8.40944932
    1490        10.01799878
    1518         9.14625205
    1547        10.13832765
    1576         9.63353608
    1604         9.27849926
    1633         6.88394261
    1662        10.69546939
    1690         6.01535433
    1719         7.77472701
    1748         7.31393565
    1776         9.05836658
    1805         8.09061480
    1834         9.98600947
    1862         7.39133442
    1891         8.20781027
    1920         8.60323839
    1948        12.35027841
    1977         7.45594653
    2006         7.66502020
    2034         6.70297641
    2063         7.73931993
    2092         7.32816538
    2120         9.46936319
    2149         9.48030044
    2178         7.31592615
    2206         9.00256798
    2235         7.83362036
    2264         8.06043317
    2292         9.34610432
    2321         6.19163243
    2350         9.53489059
    2378         8.42685846
    2407         7.65479922
    2436         7.52897977
    2464         6.69750335
    2493         7.56561049
    2522         8.94548976
    2550         8.60179080
    2579        12.15845741
    2608         9.66986168
    2636         8.84134224
    2665        10.34264455
    2694         9.78814717
    2722         9.19185583
    2751         8.48186085
    2780         7.92776961
    2808         7.28588234
    2837         7.03302134
