# Ni0                  T
       1         0.03110173
      28         4.69869178
      57         4.26721110
      85         5.68319715
     114         4.37833033
     143         6.34500235
     171         7.46755183
     200         7.88842076
     229         8.77414851
     257         6.64490788
     286         8.00803037
     315         6.94746372
     343         6.83673486
     372         7.31834697
     401        10.08846022
     429         5.88869048
     458         5.97754635
     487         8.22984818
     515         6.24855483
     544         8.41396008
     573         6.11186229
     601         5.68382380
     630         5.83585300
     659         9.87740984
     687         7.27226381
     716        10.41494229
     745         8.49478154
     773         7.55403796
     802        10.51882074
     831         7.70879600
     859        10.60007103
     888         7.85521912
     917        10.65865045
     945         8.62737635
     974         6.70158475
    1003        10.03962686
    1031        10.30080034
    1060         9.83361668
    1089        11.49004508
    1117        10.25478298
    1146         8.97366425
    1175         8.40031653
    1203         8.21368360
    1232         9.53926042
    1261         9.35980747
    1289         8.57845166
    1318        13.03625133
    1347        10.35376435
    1375         9.96022826
    1404        14.15635420
    1433        10.66123698
    1461        10.40602013
    1490         7.85520671
    1518         9.53054544
    1547        10.54843599
    1576         9.43716213
    1604         6.57088629
    1633         9.52831360
    1662        11.79201842
    1690        10.13612821
    1719        11.18640823
    1748        12.61263514
    1776         8.71478623
    1805        13.18335410
    1834        14.04352507
    1862         7.78952370
    1891         8.60272996
    1920        10.86498455
    1948         7.75185608
    1977        11.95444803
    2006        10.20505587
    2034        10.43010316
    2063         8.48085217
    2092         8.82102263
    2120         9.31533390
    2149        10.46556967
    2178         9.30045384
    2206        19.79333535
    2235         9.11836218
    2264         7.69709030
    2292        10.34659535
    2321         9.00954702
    2350         8.15474549
    2378         7.80953186
    2407        11.41802754
    2436         7.01613088
    2464         8.54848501
    2493         9.37794272
    2522         9.18104231
    2550        13.86597693
    2579        19.60424882
    2608        11.07234238
    2636         8.61250744
    2665        10.83936237
    2694         7.81421162
    2722         8.64147862
    2751        12.70539093
    2780         9.92358763
    2808        10.54886532
    2837         9.30443948
