# Ni0                  T
       1         0.26248431
      28         4.69230987
      57        14.17668730
      85         6.96847712
     114         8.43184845
     143         7.35350658
     171         9.57936786
     200         5.61205050
     229        16.71081067
     257         5.04238079
     286         7.42942248
     315         8.48473089
     343         5.76267470
     372        21.12615333
     401         7.84863007
     429         7.38239393
     458        10.50438578
     487         9.95067383
     515        11.94055879
     544         7.10110739
     573         9.45428795
     601         7.88500442
     630         9.56350851
     659        12.25856867
     687         9.12608585
     716        21.08340624
     745        13.11070708
     773        12.90041126
     802        11.93670404
     831         8.68246404
     859         8.78402730
     888        11.10118184
     917         9.50416536
     945        15.11931269
     974         8.58861880
    1003        12.42004439
    1031        19.69361930
    1060         8.52389064
    1089        10.54699906
    1117        11.51454721
    1146        18.35851616
    1175        10.75805569
    1203        11.87405091
    1232        12.01042403
    1261         7.99551280
    1289        15.06148784
    1318        24.10604243
    1347        16.07989308
    1375        21.21436590
    1404        11.62507669
    1433        11.81597253
    1461        11.45079671
    1490        14.67473475
    1518        10.95619209
    1547        14.03747413
    1576        10.45938558
    1604        13.84838475
    1633        29.11979230
    1662        22.36406443
    1690        18.91001419
    1719        19.60671413
    1748        17.49060716
    1776        17.20703386
    1805        12.16882861
    1834        12.56921497
    1862        11.96174198
    1891        13.73080343
    1920        14.11414806
    1948         9.22261658
    1977        12.91459184
    2006        10.90374453
    2034        10.48795946
    2063        17.52710600
    2092        11.89986524
    2120        12.20339833
    2149        11.50015015
    2178        15.60457045
    2206        10.89284897
    2235        13.91416490
    2264        11.87239368
    2292        10.49374902
    2321        10.49801515
    2350        15.64247402
    2378        13.51260414
    2407        11.74828207
    2436        10.87898561
    2464        13.48484016
    2493        23.97688842
    2522        15.17300117
    2550        16.40343685
    2579        12.80872953
    2608        19.00528639
    2636        12.93125361
    2665        15.54741314
    2694        11.62979208
    2722        12.36354855
    2751        11.76281914
    2780        20.12039759
    2808        11.94754731
    2837        16.55272441
