# Ni0                  T
       1         3.38645960
      28         3.76545063
      57         3.50233085
      85         5.83631530
     114         7.76997395
     143         6.00269040
     171         7.05273740
     200         4.00692053
     229         4.92646020
     257         6.85147354
     286         6.35757401
     315         6.32054695
     343         6.45104179
     372         7.04120483
     401         6.20047372
     429         6.65177385
     458         7.59623958
     487         7.51296162
     515         8.69828879
     544         5.61916621
     573         7.44901371
     601         7.93212644
     630         8.46540985
     659         8.75647567
     687         8.47184537
     716         6.71342120
     745         6.89034226
     773         7.55965516
     802         8.15287768
     831         8.22969573
     859        10.80954755
     888        10.80858540
     917         7.81122094
     945         7.68353187
     974         7.36405199
    1003         8.17802422
    1031         9.40305776
    1060         7.24295772
    1089         7.18304922
    1117         7.53061180
    1146         8.70855542
    1175         8.57291773
    1203        10.04697849
    1232        11.48183929
    1261         6.62450348
    1289         9.81432344
    1318         8.44662965
    1347        10.14920446
    1375         7.82468151
    1404         8.78332909
    1433         9.54029391
    1461         9.20747063
    1490         9.38656994
    1518         7.75253049
    1547         7.37947079
    1576         9.47494798
    1604         6.42042559
    1633        15.04684581
    1662        10.74865082
    1690         7.75208308
    1719         8.79137231
    1748         8.12063925
    1776         7.61025766
    1805         9.39050096
    1834         7.63010430
    1862         9.36663838
    1891         7.41202823
    1920         7.80758877
    1948        10.01303669
    1977         7.19267123
    2006         7.96444240
    2034        10.88787554
    2063         8.36234970
    2092         7.89034156
    2120         6.79730440
    2149        10.33695384
    2178         8.09794531
    2206         8.33570557
    2235         8.03851171
    2264         8.13345095
    2292         9.39963395
    2321         9.87219829
    2350        12.71491848
    2378         9.78233290
    2407         7.13027361
    2436         8.09191316
    2464        11.69765483
    2493        10.40570682
    2522         7.19728485
    2550         7.28500911
    2579         9.60487201
    2608         7.23461418
    2636         7.65928973
    2665         9.01383883
    2694        11.09167120
    2722         8.11268086
    2751         8.43025372
    2780        10.12665824
    2808        10.45090446
    2837        10.51476473
