# Ni0                  T
       1         1.50644364
      28         3.67303153
      57         4.02304187
      85         3.25878362
     114         4.15207152
     143         5.30473562
     171         6.19917797
     200         5.60509399
     229         4.33832676
     257        10.69632420
     286         7.45627416
     315         5.46437753
     343         7.76416489
     372         6.91121280
     401        10.50308006
     429         6.22236948
     458         7.30874961
     487         5.30096583
     515         7.59379192
     544         6.47774172
     573         6.10346398
     601         6.15488041
     630         5.88981125
     659         7.44316871
     687         5.50674666
     716         6.20848740
     745         7.03078252
     773         7.39299762
     802         8.65576546
     831         7.84721363
     859         7.44480510
     888         6.61478463
     917         6.86222826
     945         7.09050480
     974         8.77077831
    1003         6.95242359
    1031         5.59339305
    1060         6.56701878
    1089         7.70395045
    1117         7.68306432
    1146         6.83207632
    1175         8.23510400
    1203         7.46839446
    1232         8.04623039
    1261         9.59764688
    1289         8.02643207
    1318         7.02819232
    1347         6.74601084
    1375         8.29749280
    1404         7.38363411
    1433         9.52498366
    1461         7.10473125
    1490         7.15802608
    1518         7.32267849
    1547         9.01412848
    1576         8.39669888
    1604         7.76302549
    1633         7.74174692
    1662         7.02685524
    1690        10.73441430
    1719         9.90497571
    1748         8.18113564
    1776         9.06388467
    1805         7.40473811
    1834         6.47690215
    1862         7.48411983
    1891         7.95741093
    1920         6.40667215
    1948         8.63851159
    1977         7.91167406
    2006         7.41355828
    2034        11.80430564
    2063         7.50361032
    2092         7.67645746
    2120         9.97825673
    2149         9.46136899
    2178         6.89479937
    2206         6.81619189
    2235         7.28144777
    2264         7.12921804
    2292         7.59810918
    2321         7.72847072
    2350         8.13974924
    2378         8.54461343
    2407         7.50422082
    2436         6.35300487
    2464        11.41690882
    2493         7.23306440
    2522         6.84367578
    2550         6.59531394
    2579         8.95728665
    2608         9.94671544
    2636         8.96877404
    2665         8.32569933
    2694         6.39459898
    2722         8.22370584
    2751         7.20411482
    2780        11.55194118
    2808         7.01788213
    2837         7.44115126
