# Ni0                  T
       1         0.72213701
      28         3.06640946
      57         3.81350777
      85         4.39076089
     114         6.30924956
     143         4.44054696
     171         5.06082411
     200         5.52642792
     229         6.45224601
     257         4.27132904
     286         5.69209947
     315         4.93023448
     343         3.86671907
     372         6.60582200
     401        10.48970864
     429         6.64175696
     458         7.78706769
     487         6.28380883
     515         9.66666006
     544         6.97661433
     573         6.69353652
     601         6.16829585
     630         5.77599432
     659         6.21574194
     687         6.54509693
     716         6.45422370
     745         7.62503261
     773        10.92602261
     802         6.15577032
     831         8.68007596
     859         4.91706810
     888         6.20934127
     917        10.11363290
     945         6.05276184
     974         6.92706921
    1003         7.25894810
    1031         7.53212499
    1060        10.05163590
    1089         7.72552502
    1117        10.05824790
    1146         7.06636425
    1175         5.83811931
    1203         6.21882603
    1232         7.98334393
    1261         7.14288288
    1289         8.39338690
    1318         6.72777229
    1347         6.90679052
    1375         7.28141848
    1404         8.25011553
    1433         8.01907126
    1461         8.16677767
    1490         8.38044951
    1518         7.90904592
    1547         8.26258173
    1576         8.73076880
    1604         8.84293572
    1633         9.61462315
    1662         7.00539003
    1690         7.83435017
    1719        10.81067588
    1748         8.66429866
    1776         8.27503838
    1805         7.04218209
    1834         7.74846466
    1862        10.81161619
    1891         9.31308774
    1920         8.29572769
    1948         8.55079577
    1977         7.64407439
    2006         8.05471272
    2034         8.26178093
    2063         8.05676855
    2092         7.71619420
    2120         8.10620807
    2149         8.01656790
    2178         7.84725328
    2206         8.79435375
    2235         9.58610567
    2264         7.66725897
    2292         7.63225368
    2321         8.30245081
    2350         7.42815024
    2378         9.31457138
    2407         8.41530021
    2436         8.24587616
    2464         9.17463215
    2493         7.41411243
    2522         7.47209047
    2550         9.44750758
    2579         8.49724474
    2608         7.72611056
    2636         8.53529943
    2665         8.52505016
    2694         9.93988226
    2722         7.57479370
    2751         9.55421845
    2780         9.52042132
    2808         7.54003733
    2837         8.39904562
