# Ni0                  T
       1         0.02294368
      28         4.85264283
      57         4.21592401
      85         8.29760122
     114         5.77622101
     143         3.79725005
     171         3.99745677
     200         6.22126775
     229         5.06477886
     257         5.55221955
     286         5.46616201
     315         6.17435263
     343         9.23474288
     372         4.66238487
     401         6.15399241
     429         7.60873132
     458         6.34001539
     487         8.20646301
     515         7.77184292
     544         8.18048235
     573         9.05547923
     601         6.94361076
     630         5.70284674
     659         8.85060896
     687         6.46184048
     716         8.56350387
     745         6.55693877
     773         7.59516121
     802         7.86093206
     831         6.98641314
     859         7.35444804
     888         6.53586165
     917         6.91314579
     945         7.58027251
     974         8.83526933
    1003         6.62959387
    1031         6.39777691
    1060         6.49133198
    1089         8.22334235
    1117         6.85069418
    1146         8.82504111
    1175         6.77383886
    1203         6.85138493
    1232         9.58344208
    1261         8.54213290
    1289        11.76142707
    1318         7.18105668
    1347         7.26553332
    1375         9.36940127
    1404         7.88042885
    1433         8.55586198
    1461         7.64328834
    1490         8.02225504
    1518         8.05962633
    1547        12.29499120
    1576         7.21677099
    1604         7.40532974
    1633         9.01305856
    1662         8.78571756
    1690         8.28232500
    1719         6.70054874
    1748         7.80633939
    1776         7.18550872
    1805         7.76006011
    1834         7.12419148
    1862         8.48197615
    1891         6.74521518
    1920         9.86730529
    1948         7.09912244
    1977         7.69673867
    2006         9.98917201
    2034        11.80155047
    2063         7.00061796
    2092         8.43257917
    2120         7.86993957
    2149         8.63965582
    2178         8.84271333
    2206        12.45492101
    2235         8.63787357
    2264         6.37858002
    2292         9.01494331
    2321        10.39365393
    2350         9.01336211
    2378         8.46454122
    2407         8.83309516
    2436         9.18174515
    2464         8.30658378
    2493         7.68622987
    2522         7.11865017
    2550         7.54961258
    2579         8.81946005
    2608         8.59889426
    2636         8.40341749
    2665         8.32381080
    2694         7.47038901
    2722         6.83385051
    2751         6.45874875
    2780         7.26901596
    2808         7.94635947
    2837         7.18595195
