          0.00000000               0.24982554
          0.00013440               0.24947662
          0.00100165               0.24982554
          0.00182204               0.24947662
          0.00197288               0.24912770
          0.00243987               0.24877879
          0.00312165               0.24842987
          0.00323759               0.24877879
          0.00366216               0.24842987
          0.00463054               0.24808095
          0.00534535               0.24773203
          0.00673372               0.24808095
          0.00682775               0.24773203
          0.00727836               0.24738311
          0.00731021               0.24703419
          0.00788237               0.24668528
          0.00900410               0.24633636
          0.00918148               0.24598744
          0.00980517               0.24563852
          0.00988254               0.24528960
          0.01040868               0.24494068
          0.01065205               0.24459177
          0.01094820               0.24424285
          0.01321560               0.24389393
          0.01518700               0.24354501
          0.01689285               0.24319609
          0.01893127               0.24284717
          0.02022733               0.24249826
          0.02251866               0.24214934
          0.02271454               0.24180042
          0.02393532               0.24145150
          0.02447645               0.24110258
          0.02547717               0.24075366
          0.02754512               0.24110258
          0.02756581               0.24075366
          0.02818902               0.24040475
          0.02910081               0.24005583
          0.03121154               0.23970691
          0.03196943               0.23935799
          0.03261392               0.23900907
          0.03284550               0.23866015
          0.03575797               0.23831124
          0.03608005               0.23796232
          0.03757445               0.23761340
          0.03960903               0.23726448
          0.03970317               0.23691556
          0.03976067               0.23656664
          0.04122317               0.23621773
          0.04312978               0.23586881
          0.04454147               0.23551989
          0.04468170               0.23517097
          0.04670435               0.23551989
          0.04900580               0.23517097
          0.04952274               0.23482205
          0.05162533               0.23447313
          0.05189464               0.23412421
          0.05523314               0.23377530
          0.05931707               0.23342638
          0.06259523               0.23307746
          0.06292737               0.23272854
          0.06328189               0.23237962
          0.06347134               0.23203070
          0.06400979               0.23168179
          0.06471457               0.23133287
          0.06479036               0.23168179
          0.06677176               0.23133287
          0.06790950               0.23098395
          0.07248241               0.23063503
          0.07305432               0.23028611
          0.07351956               0.22993719
          0.07362098               0.22958828
          0.07383276               0.22923936
          0.07544231               0.22889044
          0.07660834               0.22854152
          0.08087369               0.22819260
          0.08173041               0.22784368
          0.08260115               0.22749477
          0.08388520               0.22714585
          0.08569469               0.22679693
          0.08815032               0.22644801
          0.08842186               0.22609909
          0.08908959               0.22575017
          0.09267034               0.22540126
          0.09387024               0.22505234
          0.09474014               0.22470342
          0.09699449               0.22435450
          0.09740895               0.22400558
          0.09797957               0.22365666
          0.09890399               0.22330775
          0.09956563               0.22295883
          0.10163578               0.22260991
          0.10459434               0.22226099
          0.10464977               0.22191207
          0.10627243               0.22156315
          0.10946058               0.22121424
          0.11063897               0.22086532
          0.11211463               0.22051640
          0.11577948               0.22016748
          0.11628894               0.21981856
          0.12266899               0.21946964
          0.12412398               0.21912073
          0.12530741               0.21877181
          0.12665219               0.21842289
          0.12707687               0.21807397
          0.12826093               0.21772505
          0.12964756               0.21737613
          0.13031581               0.21702722
          0.13061671               0.21667830
          0.13123268               0.21632938
          0.13732147               0.21598046
          0.13735016               0.21563154
          0.13768512               0.21598046
          0.13988642               0.21563154
          0.14002263               0.21598046
          0.14390995               0.21563154
          0.14488322               0.21598046
          0.14490360               0.21563154
          0.14622995               0.21528262
          0.14918019               0.21563154
          0.14974809               0.21528262
          0.15133405               0.21493371
          0.15211823               0.21458479
          0.15614587               0.21423587
          0.16365495               0.21458479
          0.16381546               0.21423587
          0.16882788               0.21388695
          0.16885926               0.21353803
          0.17109301               0.21318911
          0.17285890               0.21284020
          0.17346392               0.21318911
          0.17507074               0.21284020
          0.17892143               0.21318911
          0.17966791               0.21284020
          0.18089213               0.21249128
          0.18185909               0.21214236
          0.18239448               0.21179344
          0.18559325               0.21144452
          0.18856568               0.21109560
          0.18893043               0.21144452
          0.18920333               0.21109560
          0.19160745               0.21074669
          0.19179168               0.21039777
          0.19335794               0.21004885
          0.19345715               0.20969993
          0.19530077               0.20935101
          0.19809090               0.20900209
          0.19925212               0.20865318
          0.19984364               0.20830426
          0.20172761               0.20795534
          0.20275728               0.20760642
          0.20355874               0.20725750
          0.20499903               0.20760642
          0.20658901               0.20725750
          0.20666975               0.20690858
          0.20712016               0.20655967
          0.20783264               0.20690858
          0.20785828               0.20655967
          0.21208397               0.20621075
          0.21347925               0.20586183
          0.21463661               0.20551291
          0.21791177               0.20516399
          0.21937186               0.20481507
          0.22340699               0.20446615
          0.22417105               0.20411724
          0.22488324               0.20376832
          0.22612055               0.20341940
          0.22640575               0.20307048
          0.22753431               0.20272156
          0.22967832               0.20237264
          0.23067942               0.20202373
          0.23778756               0.20167481
          0.23900135               0.20132589
          0.24400499               0.20097697
          0.24444503               0.20062805
          0.24891817               0.20027913
          0.25085963               0.19993022
          0.25320004               0.19958130
          0.25322102               0.19923238
          0.25360719               0.19888346
          0.25376418               0.19853454
          0.25422473               0.19818562
          0.25430126               0.19783671
          0.25489767               0.19818562
          0.25531350               0.19783671
          0.25576378               0.19748779
          0.25688663               0.19713887
          0.25715431               0.19748779
          0.25991074               0.19713887
          0.26447160               0.19678995
          0.26493887               0.19713887
          0.26544836               0.19678995
          0.26991332               0.19644103
          0.27112945               0.19609211
          0.27342616               0.19574320
          0.27382873               0.19539428
          0.27400798               0.19504536
          0.27638831               0.19469644
          0.27697995               0.19434752
          0.28102911               0.19399860
          0.28151643               0.19364969
          0.28187526               0.19330077
          0.28375979               0.19295185
          0.28823836               0.19260293
          0.28879235               0.19225401
          0.29099367               0.19260293
          0.29177307               0.19295185
          0.29271919               0.19260293
          0.29463228               0.19225401
          0.29954392               0.19190509
          0.29973542               0.19155618
          0.30180904               0.19120726
          0.30466773               0.19085834
          0.30502653               0.19050942
          0.30541949               0.19016050
          0.30904020               0.18981158
          0.30981748               0.18946267
          0.31154157               0.18911375
          0.31241934               0.18876483
          0.31640390               0.18841591
          0.32003071               0.18806699
          0.32012704               0.18771807
          0.32090988               0.18736916
          0.32144345               0.18702024
          0.32456738               0.18667132
          0.32783330               0.18632240
          0.32912422               0.18597348
          0.32968192               0.18562456
          0.33063570               0.18527565
          0.33124444               0.18562456
          0.33668499               0.18527565
          0.33768549               0.18492673
          0.33769910               0.18457781
          0.33838893               0.18422889
          0.33909142               0.18387997
          0.34130659               0.18353105
          0.34148972               0.18318214
          0.34237477               0.18283322
          0.34706638               0.18318214
          0.34817942               0.18283322
          0.35151646               0.18318214
          0.35725027               0.18283322
          0.35793924               0.18248430
          0.35834155               0.18213538
          0.35950217               0.18178646
          0.35959605               0.18143754
          0.36113731               0.18108863
          0.36453473               0.18073971
          0.36483679               0.18039079
          0.36671062               0.18004187
          0.37199944               0.17969295
          0.37288187               0.17934403
          0.37446092               0.17899512
          0.37647554               0.17864620
          0.37922515               0.17899512
          0.37971638               0.17864620
          0.38157988               0.17829728
          0.38187869               0.17794836
          0.38205448               0.17759944
          0.38364159               0.17725052
          0.38378514               0.17690161
          0.38504535               0.17655269
          0.38594288               0.17620377
          0.38665153               0.17585485
          0.38673704               0.17550593
          0.38683417               0.17515701
          0.38778587               0.17550593
          0.38861593               0.17585485
          0.38919902               0.17550593
          0.39008641               0.17515701
          0.39150009               0.17550593
          0.39182353               0.17515701
          0.39262178               0.17480809
          0.39286305               0.17445918
          0.39383405               0.17411026
          0.39576250               0.17376134
          0.39594587               0.17411026
          0.39618816               0.17376134
          0.39681775               0.17341242
          0.39930229               0.17306350
          0.39993500               0.17271458
          0.40031976               0.17236567
          0.40410691               0.17201675
          0.40418857               0.17166783
          0.40544618               0.17131891
          0.40873020               0.17096999
          0.40909341               0.17062107
          0.41024988               0.17027216
          0.41093462               0.16992324
          0.41106228               0.16957432
          0.41196261               0.16992324
          0.41699294               0.16957432
          0.41840669               0.16922540
          0.41940974               0.16887648
          0.42295307               0.16852756
          0.42367467               0.16817865
          0.42437770               0.16782973
          0.42928046               0.16817865
          0.43075051               0.16782973
          0.43260851               0.16748081
          0.43608411               0.16713189
          0.43809470               0.16678297
          0.43845745               0.16643405
          0.43966117               0.16608514
          0.44604770               0.16573622
          0.44815068               0.16538730
          0.44974867               0.16503838
          0.45089083               0.16468946
          0.45316925               0.16503838
          0.45320381               0.16468946
          0.45338727               0.16434054
          0.45759491               0.16399163
          0.45766219               0.16364271
          0.46290097               0.16329379
          0.46304525               0.16294487
          0.46452212               0.16259595
          0.46555440               0.16224703
          0.46624130               0.16259595
          0.46961993               0.16224703
          0.46990086               0.16189812
          0.47117037               0.16224703
          0.47374422               0.16259595
          0.47403992               0.16224703
          0.47691392               0.16189812
          0.47833275               0.16154920
          0.47876387               0.16120028
          0.47983230               0.16085136
          0.48589626               0.16050244
          0.48614143               0.16015352
          0.48643174               0.16050244
          0.49480425               0.16015352
          0.49664190               0.15980461
          0.49718150               0.16015352
          0.50534147               0.15980461
          0.50594707               0.15945569
          0.50612701               0.15910677
          0.50661910               0.15875785
          0.50740775               0.15910677
          0.50986842               0.15945569
          0.51204596               0.15980461
          0.51269560               0.15945569
          0.51610724               0.15910677
          0.51666743               0.15875785
          0.51894766               0.15910677
          0.52587946               0.15875785
          0.52737970               0.15840893
          0.52797383               0.15806001
          0.52806853               0.15771110
          0.52854917               0.15736218
          0.52982911               0.15701326
          0.53269558               0.15666434
          0.54359692               0.15631542
          0.54410382               0.15596650
          0.54451535               0.15561759
          0.54464361               0.15526867
          0.54588359               0.15491975
          0.54617822               0.15457083
          0.54989545               0.15422191
          0.55070907               0.15387299
          0.55189990               0.15352408
          0.55424883               0.15317516
          0.55480249               0.15282624
          0.55607735               0.15247732
          0.55761251               0.15212840
          0.56501126               0.15177948
          0.56787518               0.15143057
          0.57663505               0.15108165
          0.57978041               0.15073273
          0.58197642               0.15038381
          0.58314816               0.15003489
          0.58492310               0.14968597
          0.58858240               0.15003489
          0.59263704               0.14968597
          0.59327714               0.15003489
          0.59367323               0.15038381
          0.59491100               0.15003489
          0.59568364               0.14968597
          0.59648402               0.14933706
          0.60070649               0.14898814
          0.60240048               0.14863922
          0.60650239               0.14829030
          0.60804263               0.14863922
          0.60861671               0.14829030
          0.61150167               0.14863922
          0.61157280               0.14829030
          0.61367063               0.14794138
          0.61490318               0.14759246
          0.61737782               0.14724355
          0.62044122               0.14689463
          0.62147043               0.14654571
          0.62223477               0.14619679
          0.62383366               0.14584787
          0.62535778               0.14549895
          0.62550837               0.14515003
          0.62782020               0.14480112
          0.62839402               0.14445220
          0.62946029               0.14480112
          0.63012594               0.14445220
          0.63036394               0.14410328
          0.63503023               0.14375436
          0.63602485               0.14340544
          0.63717077               0.14305652
          0.64030389               0.14340544
          0.64483457               0.14305652
          0.64611242               0.14270761
          0.64658744               0.14235869
          0.64792975               0.14200977
          0.64965521               0.14166085
          0.65366822               0.14131193
          0.65568935               0.14096301
          0.65882415               0.14061410
          0.65936995               0.14026518
          0.66798397               0.13991626
          0.66904166               0.13956734
          0.66965488               0.13921842
          0.66993877               0.13886950
          0.67071678               0.13852059
          0.67249191               0.13817167
          0.67662595               0.13782275
          0.67886832               0.13817167
          0.68200525               0.13782275
          0.68426968               0.13747383
          0.68871569               0.13782275
          0.68878816               0.13747383
          0.69213543               0.13712491
          0.69304125               0.13677599
          0.69594281               0.13642708
          0.69614870               0.13607816
          0.69686704               0.13642708
          0.70251900               0.13677599
          0.70574550               0.13642708
          0.71553287               0.13607816
          0.71579926               0.13642708
          0.71936979               0.13607816
          0.72019327               0.13572924
          0.72895329               0.13538032
          0.73016606               0.13503140
          0.73077371               0.13468248
          0.73110461               0.13433357
          0.73126359               0.13398465
          0.73317481               0.13363573
          0.73675908               0.13328681
          0.73811406               0.13293789
          0.74743621               0.13258897
          0.74867728               0.13224006
          0.75238827               0.13189114
          0.75488139               0.13154222
          0.75599525               0.13119330
          0.75708526               0.13084438
          0.75809841               0.13049546
          0.75911221               0.13014655
          0.76132349               0.13049546
          0.76193619               0.13014655
          0.76672233               0.12979763
          0.76945002               0.12944871
          0.77453965               0.12979763
          0.77765192               0.12944871
          0.78438341               0.12909979
          0.78490762               0.12875087
          0.78655643               0.12840195
          0.78713219               0.12875087
          0.79080364               0.12840195
          0.79275053               0.12805304
          0.79467626               0.12770412
          0.80267220               0.12735520
          0.80351602               0.12700628
          0.80399378               0.12735520
          0.80668093               0.12700628
          0.80907244               0.12665736
          0.81032953               0.12630844
          0.81664315               0.12595953
          0.82133095               0.12630844
          0.83136434               0.12595953
          0.83284876               0.12561061
          0.84793023               0.12526169
          0.84981913               0.12491277
          0.85000829               0.12456385
          0.85317255               0.12421493
          0.85345427               0.12386602
          0.85679503               0.12351710
          0.85984009               0.12386602
          0.86234091               0.12351710
          0.86404202               0.12386602
          0.86582538               0.12421493
          0.87119699               0.12386602
          0.87123933               0.12351710
          0.87131028               0.12316818
          0.87261666               0.12281926
          0.87301915               0.12247034
          0.88052324               0.12212142
          0.88181329               0.12177251
          0.88396507               0.12142359
          0.88397450               0.12107467
          0.88458004               0.12072575
          0.88663306               0.12037683
          0.89175857               0.12002791
          0.89471693               0.11967900
          0.89572956               0.11933008
          0.89918033               0.11967900
          0.90134505               0.11933008
          0.90341218               0.11967900
          0.90453716               0.11933008
          0.90890551               0.11898116
          0.91146096               0.11933008
          0.91456809               0.11898116
          0.91550196               0.11863224
          0.91706467               0.11828332
          0.91766179               0.11793440
          0.91999627               0.11758548
          0.92117480               0.11723657
          0.92357104               0.11688765
          0.92737513               0.11653873
          0.92827308               0.11618981
          0.93242999               0.11584089
          0.93303876               0.11549197
          0.93353634               0.11514306
          0.93607065               0.11479414
          0.94077729               0.11444522
          0.94287541               0.11409630
          0.95458033               0.11374738
          0.95654450               0.11339846
          0.95767175               0.11304955
          0.95770697               0.11270063
          0.96167158               0.11235171
          0.96262075               0.11200279
          0.96384294               0.11165387
          0.96408128               0.11130495
          0.96709855               0.11095604
          0.97043869               0.11060712
          0.97428614               0.11025820
          0.97743187               0.10990928
          0.97782728               0.10956036
          0.97930451               0.10921144
          0.98020749               0.10886253
          0.98203018               0.10851361
          0.98366511               0.10886253
          0.98543187               0.10851361
          0.98554872               0.10816469
          0.99488634               0.10781577
          0.99616434               0.10746685
          0.99735112               0.10711793
          0.99736832               0.10676902
          1.00539406               0.10642010
          1.01348555               0.10676902
          1.01459976               0.10642010
          1.01727668               0.10607118
          1.02214951               0.10572226
          1.02457252               0.10537334
          1.02494377               0.10502442
          1.02923622               0.10467551
          1.02929538               0.10432659
          1.03382040               0.10397767
          1.03775017               0.10432659
          1.04896166               0.10397767
          1.05542460               0.10362875
          1.05638633               0.10327983
          1.05735466               0.10293091
          1.05809840               0.10258200
          1.05924675               0.10223308
          1.05952137               0.10258200
          1.06556953               0.10223308
          1.07142935               0.10188416
          1.07374342               0.10153524
          1.07440764               0.10118632
          1.08015038               0.10083740
          1.08291928               0.10048849
          1.08446093               0.10013957
          1.08558824               0.09979065
          1.08957318               0.09944173
          1.09207918               0.09909281
          1.09228527               0.09874389
          1.09258810               0.09839498
          1.09382966               0.09804606
          1.09424737               0.09769714
          1.09595658               0.09734822
          1.09952494               0.09699930
          1.10150848               0.09665038
          1.10738052               0.09630147
          1.10799963               0.09665038
          1.11707151               0.09630147
          1.11865528               0.09665038
          1.12301056               0.09630147
          1.12509762               0.09595255
          1.13302935               0.09560363
          1.13570698               0.09525471
          1.13598567               0.09490579
          1.13741659               0.09455687
          1.13875016               0.09420796
          1.14270870               0.09385904
          1.14491476               0.09351012
          1.14774458               0.09316120
          1.15029278               0.09281228
          1.15414061               0.09246336
          1.15756001               0.09281228
          1.16244523               0.09246336
          1.16363222               0.09211445
          1.17881894               0.09176553
          1.17941288               0.09141661
          1.18044319               0.09176553
          1.18143396               0.09211445
          1.18257974               0.09176553
          1.18357147               0.09211445
          1.18878008               0.09176553
          1.19965940               0.09141661
          1.20784648               0.09106769
          1.20942375               0.09071877
          1.21014580               0.09106769
          1.21896934               0.09071877
          1.22290575               0.09036985
          1.22320015               0.09002094
          1.22416433               0.08967202
          1.22663663               0.09002094
          1.22720142               0.08967202
          1.22939787               0.08932310
          1.23122924               0.08897418
          1.23294258               0.08862526
          1.23551142               0.08897418
          1.23622434               0.08862526
          1.24448458               0.08827634
          1.24463922               0.08792742
          1.24474344               0.08757851
          1.24786298               0.08792742
          1.24815518               0.08757851
          1.25025790               0.08722959
          1.25283691               0.08688067
          1.25907130               0.08653175
          1.26286744               0.08618283
          1.26290346               0.08653175
          1.26346622               0.08618283
          1.26690222               0.08583391
          1.26707093               0.08548500
          1.27091646               0.08583391
          1.27469666               0.08618283
          1.28200284               0.08583391
          1.28770951               0.08548500
          1.28889325               0.08513608
          1.28909065               0.08548500
          1.30107297               0.08583391
          1.30150363               0.08548500
          1.30268145               0.08513608
          1.30836954               0.08548500
          1.31138496               0.08513608
          1.31241994               0.08478716
          1.31420507               0.08443824
          1.31849005               0.08408932
          1.31910877               0.08374040
          1.32692131               0.08408932
          1.32698493               0.08374040
          1.32784559               0.08339149
          1.33309417               0.08304257
          1.33418689               0.08269365
          1.33819538               0.08234473
          1.34677717               0.08199581
          1.35115212               0.08164689
          1.35201375               0.08129798
          1.35425826               0.08094906
          1.35635396               0.08060014
          1.35674185               0.08025122
          1.35947923               0.07990230
          1.36180308               0.07955338
          1.36455807               0.07920447
          1.36798063               0.07955338
          1.36999438               0.07920447
          1.37433630               0.07885555
          1.38401051               0.07850663
          1.39950965               0.07815771
          1.40116790               0.07780879
          1.40511681               0.07745987
          1.40541778               0.07711096
          1.42241640               0.07676204
          1.42920603               0.07641312
          1.43128744               0.07606420
          1.43169119               0.07571528
          1.43641562               0.07536636
          1.43914742               0.07501745
          1.44067030               0.07466853
          1.44435707               0.07431961
          1.44608756               0.07397069
          1.44819172               0.07362177
          1.44889485               0.07327285
          1.45161846               0.07292394
          1.45300812               0.07257502
          1.46100471               0.07222610
          1.46125104               0.07257502
          1.46888609               0.07222610
          1.47191372               0.07187718
          1.47468826               0.07152826
          1.47710478               0.07187718
          1.47943128               0.07222610
          1.49104991               0.07187718
          1.49485157               0.07152826
          1.49541929               0.07117934
          1.49640954               0.07083043
          1.49657270               0.07048151
          1.50727985               0.07013259
          1.50991428               0.06978367
          1.51252083               0.06943475
          1.51253494               0.06908583
          1.51378322               0.06873692
          1.51666575               0.06838800
          1.52888039               0.06803908
          1.52991467               0.06769016
          1.53078948               0.06803908
          1.53952450               0.06769016
          1.54068257               0.06803908
          1.54185693               0.06769016
          1.55199257               0.06734124
          1.55409837               0.06699232
          1.55759801               0.06664341
          1.56000154               0.06629449
          1.56036326               0.06594557
          1.56083333               0.06559665
          1.56225443               0.06524773
          1.56411300               0.06559665
          1.56847839               0.06594557
          1.57027382               0.06559665
          1.57181147               0.06524773
          1.57184288               0.06489881
          1.57237993               0.06454990
          1.57729608               0.06420098
          1.57897173               0.06385206
          1.57971032               0.06350314
          1.58468266               0.06315422
          1.58610264               0.06280530
          1.59008964               0.06245639
          1.59056976               0.06210747
          1.59325283               0.06175855
          1.59394143               0.06140963
          1.60060148               0.06106071
          1.60320189               0.06071179
          1.60644392               0.06036288
          1.60925244               0.06001396
          1.61042265               0.05966504
          1.62663209               0.05931612
          1.63541468               0.05896720
          1.64390944               0.05861828
          1.65017303               0.05826936
          1.65066095               0.05792045
          1.65502280               0.05757153
          1.66052163               0.05792045
          1.67875303               0.05757153
          1.69007249               0.05722261
          1.69405550               0.05687369
          1.69706468               0.05722261
          1.70011811               0.05687369
          1.70209390               0.05652477
          1.70462208               0.05617585
          1.70745979               0.05582694
          1.71150154               0.05547802
          1.71174511               0.05512910
          1.71363587               0.05478018
          1.72689693               0.05512910
          1.73021136               0.05478018
          1.73379461               0.05512910
          1.73469440               0.05478018
          1.74708629               0.05512910
          1.75357802               0.05478018
          1.75713201               0.05512910
          1.77502301               0.05478018
          1.78817227               0.05443126
          1.79828161               0.05408234
          1.80586459               0.05443126
          1.80976278               0.05478018
          1.81217796               0.05512910
          1.81377273               0.05478018
          1.81431136               0.05443126
          1.82067795               0.05408234
          1.82911604               0.05373343
          1.82999588               0.05408234
          1.83127072               0.05443126
          1.83170175               0.05408234
          1.83382681               0.05373343
          1.83386143               0.05338451
          1.84729385               0.05303559
          1.84741890               0.05268667
          1.85105581               0.05303559
          1.85172359               0.05268667
          1.86601095               0.05233775
          1.86749067               0.05198883
          1.87379576               0.05163992
          1.87740907               0.05129100
          1.87970729               0.05094208
          1.89024785               0.05129100
          1.89247885               0.05094208
          1.89689580               0.05059316
          1.89980687               0.05094208
          1.91721227               0.05129100
          1.92360594               0.05094208
          1.92639920               0.05059316
          1.93311961               0.05024424
          1.93589804               0.04989532
          1.94438919               0.04954641
          1.94835783               0.04919749
          1.95113564               0.04884857
          1.95736043               0.04849965
          1.96388545               0.04815073
          1.96485359               0.04780181
          1.96619719               0.04745290
          1.96713781               0.04710398
          1.96820956               0.04675506
          1.96906835               0.04640614
          1.97151077               0.04605722
          1.97233822               0.04570830
          1.97332712               0.04605722
          1.97588080               0.04570830
          1.97796950               0.04535939
          1.97849800               0.04570830
          1.98488278               0.04535939
          1.98609426               0.04501047
          1.99002912               0.04466155
          1.99181749               0.04431263
          2.00532105               0.04396371
          2.01170481               0.04361479
          2.02300074               0.04396371
          2.02852683               0.04361479
          2.03312109               0.04396371
          2.03969522               0.04361479
          2.04140910               0.04396371
          2.04952721               0.04431263
          2.05179703               0.04466155
          2.05256329               0.04431263
          2.05731405               0.04396371
          2.05787480               0.04361479
          2.05834782               0.04326588
          2.07822642               0.04361479
          2.09457566               0.04326588
          2.09566216               0.04291696
          2.10076340               0.04256804
          2.11253833               0.04291696
          2.11642222               0.04256804
          2.12277549               0.04221912
          2.14662090               0.04256804
          2.18062220               0.04221912
          2.18391489               0.04187020
          2.19213219               0.04152128
          2.19483039               0.04117237
          2.19703886               0.04082345
          2.19935764               0.04047453
          2.20272190               0.04012561
          2.21254718               0.03977669
          2.21726276               0.03942777
          2.22823617               0.03907886
          2.23724335               0.03872994
          2.24357119               0.03838102
          2.24478969               0.03803210
          2.24758740               0.03838102
          2.24983697               0.03803210
          2.25721999               0.03768318
          2.26202851               0.03803210
          2.26952090               0.03768318
          2.27417387               0.03733426
          2.28134099               0.03698535
          2.28872151               0.03663643
          2.29568307               0.03698535
          2.30144201               0.03663643
          2.30171174               0.03628751
          2.30262005               0.03593859
          2.30870382               0.03558967
          2.31388266               0.03593859
          2.31416819               0.03628751
          2.31988483               0.03593859
          2.32563252               0.03558967
          2.32745054               0.03524075
          2.32947102               0.03489184
          2.33371971               0.03454292
          2.33708017               0.03489184
          2.34785371               0.03524075
          2.35242819               0.03489184
          2.35818415               0.03524075
          2.36488186               0.03489184
          2.36547968               0.03454292
          2.37492976               0.03419400
          2.37630057               0.03384508
          2.38659168               0.03349616
          2.38659959               0.03314724
          2.39836061               0.03279833
          2.40833414               0.03244941
          2.42145810               0.03210049
          2.42299138               0.03175157
          2.42983307               0.03140265
          2.43723876               0.03105373
          2.43958581               0.03070482
          2.43963199               0.03035590
          2.44923349               0.03070482
          2.45587750               0.03035590
          2.46762261               0.03000698
          2.48052377               0.02965806
          2.48194422               0.03000698
          2.49207509               0.02965806
          2.49225935               0.02930914
          2.51038202               0.02965806
          2.51126047               0.02930914
          2.51187671               0.02896022
          2.51323558               0.02861130
          2.53100309               0.02826239
          2.53136409               0.02791347
          2.54696543               0.02756455
          2.55400838               0.02721563
          2.56125892               0.02686671
          2.57491478               0.02651779
          2.60935182               0.02616888
          2.61091367               0.02581996
          2.62212046               0.02547104
          2.62245591               0.02512212
          2.64274820               0.02547104
          2.65861686               0.02512212
          2.65935869               0.02547104
          2.66311045               0.02581996
          2.66650166               0.02547104
          2.66787991               0.02512212
          2.67823847               0.02477320
          2.67937364               0.02442428
          2.68546898               0.02477320
          2.68896002               0.02512212
          2.70243148               0.02547104
          2.71449827               0.02512212
          2.72382398               0.02547104
          2.72434418               0.02581996
          2.72507414               0.02616888
          2.73493825               0.02581996
          2.74331957               0.02547104
          2.74800062               0.02512212
          2.74904209               0.02547104
          2.77205528               0.02581996
          2.77225665               0.02547104
          2.77992889               0.02512212
          2.78807381               0.02547104
          2.79791119               0.02512212
          2.82264902               0.02477320
          2.82567049               0.02512212
          2.82674358               0.02477320
          2.84755950               0.02442428
          2.84898653               0.02407537
          2.85009133               0.02442428
          2.86294305               0.02407537
          2.88799733               0.02442428
          2.89528938               0.02477320
          2.89969021               0.02442428
          2.95024200               0.02407537
          2.95155601               0.02442428
          2.96408886               0.02407537
          2.97200598               0.02372645
          2.97632610               0.02337753
          2.99879982               0.02302861
          3.00881100               0.02267969
          3.01001660               0.02233077
          3.01503758               0.02198186
          3.01709540               0.02163294
          3.01856301               0.02128402
          3.01931978               0.02163294
          3.02218486               0.02198186
          3.02797077               0.02233077
          3.04590683               0.02198186
          3.04865399               0.02163294
          3.05506516               0.02128402
          3.05965374               0.02093510
          3.08203404               0.02058618
          3.09308563               0.02023726
          3.10121872               0.02058618
          3.11077404               0.02023726
          3.11308125               0.02058618
          3.12732523               0.02093510
          3.19196872               0.02058618
          3.21493918               0.02093510
          3.23068895               0.02058618
          3.24005965               0.02023726
          3.25172458               0.02058618
          3.25433731               0.02023726
          3.26654433               0.02058618
          3.26923999               0.02023726
          3.27162427               0.02058618
          3.27255488               0.02023726
          3.29713840               0.01988835
          3.29973562               0.01953943
          3.30146409               0.01919051
          3.31584788               0.01884159
          3.33146108               0.01919051
          3.33369517               0.01884159
          3.33685068               0.01849267
          3.35346583               0.01814375
          3.36564770               0.01849267
          3.39919555               0.01814375
          3.42356704               0.01849267
          3.43059918               0.01884159
          3.45773219               0.01849267
          3.46074323               0.01814375
          3.47218254               0.01849267
          3.51166776               0.01814375
          3.52139062               0.01779484
          3.52294853               0.01814375
          3.52439141               0.01779484
          3.53084295               0.01744592
          3.54184808               0.01709700
          3.58668091               0.01744592
          3.60269435               0.01779484
          3.60948586               0.01744592
          3.63058399               0.01709700
          3.64790024               0.01744592
          3.65249690               0.01709700
          3.66967041               0.01744592
          3.70290199               0.01709700
          3.73043045               0.01674808
          3.74200462               0.01639916
          3.78111310               0.01674808
          3.78173825               0.01639916
          3.78790771               0.01674808
          3.81416272               0.01639916
          3.81977824               0.01605024
          3.83008954               0.01570133
          3.85398126               0.01535241
          3.86155619               0.01500349
          3.86594070               0.01535241
          3.88582517               0.01500349
          3.89974621               0.01465457
          3.90670223               0.01430565
          3.91849541               0.01395673
          3.92219522               0.01360782
          3.92890067               0.01325890
          3.93596466               0.01290998
          3.95191173               0.01256106
          3.96583517               0.01221214
          3.98205601               0.01186322
          3.98502947               0.01151431
          4.03078558               0.01186322
          4.04023354               0.01221214
          4.04913172               0.01186322
          4.07603797               0.01151431
          4.09690734               0.01116539
          4.10954045               0.01081647
          4.14161740               0.01046755
          4.14682744               0.01011863
          4.16923887               0.00976971
          4.18267552               0.01011863
          4.19253548               0.01046755
          4.22162444               0.01011863
          4.24054974               0.01046755
          4.24615172               0.01011863
          4.25817428               0.00976971
          4.30186646               0.01011863
          4.31221103               0.00976971
          4.32744522               0.00942080
          4.36377765               0.00976971
          4.38696831               0.01011863
          4.44154548               0.01046755
          4.49392995               0.01011863
          4.49882546               0.00976971
          4.57927080               0.00942080
          4.58854762               0.00976971
          4.59833280               0.01011863
          4.61997483               0.01046755
          4.62794103               0.01011863
          4.64537630               0.00976971
          4.65793731               0.00942080
          4.66284593               0.00976971
          4.69594430               0.01011863
          4.70213108               0.01046755
          4.72126865               0.01011863
          4.78392311               0.00976971
          4.83752706               0.00942080
          4.83796626               0.00907188
          4.85017911               0.00872296
          4.86853901               0.00837404
          4.98932439               0.00802512
          4.99991894               0.00767620
          5.01723588               0.00802512
          5.01976030               0.00837404
          5.02748021               0.00802512
          5.08417518               0.00767620
          5.13796978               0.00732729
          5.19724153               0.00697837
          5.21848156               0.00662945
          5.26306748               0.00628053
          5.27030118               0.00662945
          5.27106495               0.00628053
          5.31452321               0.00593161
          5.37394133               0.00628053
          5.38500981               0.00662945
          5.42920475               0.00697837
          5.43667517               0.00662945
          5.45912772               0.00697837
          5.50632083               0.00662945
          5.56259369               0.00628053
          5.70769162               0.00593161
          5.87450793               0.00628053
          5.88162455               0.00593161
          5.91862708               0.00558269
          5.92543677               0.00523378
          5.97648853               0.00488486
          5.99610623               0.00453594
          6.03083509               0.00488486
          6.06713098               0.00523378
          6.10016756               0.00488486
          6.18831546               0.00523378
          6.43423034               0.00558269
          6.48859977               0.00593161
          6.57104767               0.00558269
          6.57214028               0.00593161
          6.61137338               0.00628053
          6.62079207               0.00593161
          6.69341502               0.00558269
          6.88830540               0.00523378
          6.90812321               0.00488486
          7.07366684               0.00523378
          7.11120858               0.00488486
          7.13688773               0.00453594
          7.21491413               0.00418702
          7.22085482               0.00383810
          7.22353906               0.00348918
          7.24816070               0.00383810
          7.32423389               0.00348918
          7.42149126               0.00314027
          7.45443758               0.00348918
          7.53583610               0.00383810
          7.55725227               0.00348918
          7.65011761               0.00383810
          7.77394872               0.00348918
          7.84165302               0.00383810
          7.89502984               0.00348918
          7.92457966               0.00314027
          7.95445529               0.00348918
          8.02855973               0.00383810
          8.02939762               0.00348918
          8.04037498               0.00383810
          8.06170346               0.00348918
          8.09505134               0.00383810
          8.09558366               0.00348918
          8.11208036               0.00314027
          8.12650278               0.00348918
          8.23036243               0.00383810
          8.33628204               0.00418702
          8.34058547               0.00453594
          8.39763184               0.00488486
          8.49385535               0.00523378
          8.52241900               0.00558269
          8.54129049               0.00523378
          8.54685188               0.00558269
          8.58511578               0.00523378
          8.62739790               0.00558269
          8.64757514               0.00523378
          8.70303241               0.00558269
          8.75144630               0.00593161
          8.81396653               0.00558269
          8.86284919               0.00593161
          8.87625664               0.00628053
          8.88240640               0.00662945
          8.91282795               0.00628053
          8.93907815               0.00593161
          9.03330234               0.00628053
          9.04882375               0.00593161
          9.13130949               0.00558269
          9.14432691               0.00593161
          9.17199123               0.00558269
          9.19498041               0.00593161
          9.24992335               0.00628053
          9.29436187               0.00593161
          9.30930764               0.00558269
          9.38116281               0.00523378
          9.38929231               0.00488486
          9.39483144               0.00523378
          9.40030387               0.00488486
          9.40415488               0.00453594
          9.51115630               0.00418702
          9.56989388               0.00453594
          9.63542836               0.00418702
          9.88055164               0.00383810
          9.88918102               0.00348918
          9.93897666               0.00314027
          9.97247972               0.00279135
          9.99864527               0.00314027
         10.00411577               0.00279135
         10.03837232               0.00244243
         10.04391851               0.00209351
         10.20597482               0.00174459
         10.45413999               0.00139567
         10.61099889               0.00104676
         10.80134333               0.00069784
         10.83329421               0.00104676
         10.86018040               0.00069784
         10.88519656               0.00104676
         10.93797890               0.00139567
         11.33278613               0.00104676
         11.65641288               0.00139567
         11.71969452               0.00104676
         11.94576891               0.00069784
         13.04641719               0.00104676
         13.05260827               0.00069784
         13.13874745               0.00034892
         13.37421088               0.00000000
