    0.250174
    0.250523
    0.250872
    0.251221
    0.251570
    0.251919
    0.252268
    0.252617
    0.252966
    0.253315
    0.253664
    0.254013
    0.254361
    0.254710
    0.255059
    0.255408
    0.255757
    0.256106
    0.256455
    0.256804
    0.257153
    0.257502
    0.257851
    0.258200
    0.258548
    0.258897
    0.258548
    0.258200
    0.258548
    0.258200
    0.258548
    0.258897
    0.259246
    0.259595
    0.259944
    0.259595
    0.259944
    0.260293
    0.260642
    0.260991
    0.261340
    0.261689
    0.262038
    0.262387
    0.262736
    0.263084
    0.263433
    0.263782
    0.264131
    0.264480
    0.264829
    0.264480
    0.264829
    0.264480
    0.264829
    0.265178
    0.265527
    0.265178
    0.265527
    0.265876
    0.266225
    0.266574
    0.266923
    0.267271
    0.267620
    0.267969
    0.268318
    0.268667
    0.269016
    0.269365
    0.269714
    0.270063
    0.270412
    0.270761
    0.271110
    0.271458
    0.271807
    0.272156
    0.272505
    0.272156
    0.272505
    0.272854
    0.273203
    0.273552
    0.273901
    0.274250
    0.274599
    0.274250
    0.274599
    0.274948
    0.275297
    0.275645
    0.275994
    0.276343
    0.276692
    0.277041
    0.277390
    0.277739
    0.278088
    0.278437
    0.278786
    0.279135
    0.279484
    0.279833
    0.280181
    0.280530
    0.280879
    0.281228
    0.281577
    0.281926
    0.282275
    0.282624
    0.282973
    0.283322
    0.283671
    0.284020
    0.284368
    0.284717
    0.285066
    0.285415
    0.285764
    0.286113
    0.286462
    0.286811
    0.287160
    0.287509
    0.287858
    0.288207
    0.288555
    0.288904
    0.289253
    0.289602
    0.289951
    0.290300
    0.290649
    0.290998
    0.291347
    0.291696
    0.292045
    0.292394
    0.292742
    0.293091
    0.293440
    0.293789
    0.294138
    0.294487
    0.294138
    0.294487
    0.294836
    0.295185
    0.294836
    0.295185
    0.295534
    0.295883
    0.296232
    0.296581
    0.296930
    0.297278
    0.297627
    0.297976
    0.298325
    0.298674
    0.299023
    0.299372
    0.299721
    0.300070
    0.300419
    0.300768
    0.301117
    0.301465
    0.301814
    0.302163
    0.302512
    0.302861
    0.303210
    0.303559
    0.303908
    0.304257
    0.304606
    0.304955
    0.305304
    0.305652
    0.306001
    0.306350
    0.306699
    0.307048
    0.307397
    0.307746
    0.308095
    0.308444
    0.308793
    0.309142
    0.309491
    0.309839
    0.310188
    0.310537
    0.310886
    0.311235
    0.311584
    0.311933
    0.312282
    0.312631
    0.312980
    0.313329
    0.313678
    0.314027
    0.314375
    0.314724
    0.315073
    0.315422
    0.315771
    0.316120
    0.316469
    0.316818
    0.317167
    0.317516
    0.317865
    0.318214
    0.318562
    0.318911
    0.319260
    0.319609
    0.319958
    0.320307
    0.320656
    0.321005
    0.321354
    0.321703
    0.322052
    0.322401
    0.322749
    0.323098
    0.323447
    0.323796
    0.324145
    0.324494
    0.324843
    0.325192
    0.325541
    0.325890
    0.326239
    0.326588
    0.326936
    0.327285
    0.327634
    0.327983
    0.328332
    0.328681
    0.329030
    0.329379
    0.329728
    0.330077
    0.330426
    0.330775
    0.331124
    0.331472
    0.331821
    0.332170
    0.332519
    0.332868
    0.333217
    0.333566
    0.333915
    0.334264
    0.334613
    0.334962
    0.335311
    0.335659
    0.336008
    0.336357
    0.336008
    0.336357
    0.336706
    0.337055
    0.337404
    0.337753
    0.338102
    0.338451
    0.338800
    0.339149
    0.339498
    0.339846
    0.340195
    0.340544
    0.340893
    0.340544
    0.340893
    0.341242
    0.341591
    0.341940
    0.342289
    0.342638
    0.342987
    0.342638
    0.342987
    0.343336
    0.343685
    0.344033
    0.344382
    0.344731
    0.345080
    0.345429
    0.345778
    0.346127
    0.346476
    0.346825
    0.347174
    0.347523
    0.347872
    0.348221
    0.348569
    0.348918
    0.349267
    0.349616
    0.349965
    0.350314
    0.350663
    0.351012
    0.351361
    0.351710
    0.352059
    0.352408
    0.352756
    0.353105
    0.353454
    0.353803
    0.354152
    0.354501
    0.354850
    0.355199
    0.355548
    0.355897
    0.356246
    0.356595
    0.356943
    0.357292
    0.356943
    0.357292
    0.357641
    0.357990
    0.358339
    0.358688
    0.359037
    0.359386
    0.359735
    0.360084
    0.359735
    0.360084
    0.360433
    0.360782
    0.361130
    0.361479
    0.361828
    0.362177
    0.362526
    0.362875
    0.363224
    0.363573
    0.363922
    0.363573
    0.363922
    0.363573
    0.363922
    0.364271
    0.363922
    0.364271
    0.364620
    0.364271
    0.364620
    0.364969
    0.365318
    0.365666
    0.366015
    0.365666
    0.366015
    0.366364
    0.366015
    0.366364
    0.366713
    0.367062
    0.367411
    0.367760
    0.368109
    0.367760
    0.368109
    0.368458
    0.368807
    0.369156
    0.369505
    0.369156
    0.369505
    0.369853
    0.370202
    0.370551
    0.370900
    0.371249
    0.371598
    0.371947
    0.372296
    0.372645
    0.372994
    0.373343
    0.373692
    0.374040
    0.373692
    0.374040
    0.374389
    0.374738
    0.375087
    0.374738
    0.375087
    0.375436
    0.375785
    0.376134
    0.376483
    0.376832
    0.377181
    0.377530
    0.377879
    0.378227
    0.378576
    0.378925
    0.379274
    0.379623
    0.379972
    0.380321
    0.379972
    0.380321
    0.380670
    0.381019
    0.381368
    0.381717
    0.382066
    0.382415
    0.382763
    0.383112
    0.383461
    0.383810
    0.384159
    0.384508
    0.384857
    0.385206
    0.384857
    0.385206
    0.385555
    0.385904
    0.385555
    0.385904
    0.386253
    0.385904
    0.386253
    0.386602
    0.386950
    0.387299
    0.387648
    0.387997
    0.388346
    0.388695
    0.389044
    0.389393
    0.389742
    0.390091
    0.390440
    0.390789
    0.391137
    0.390789
    0.390440
    0.390789
    0.391137
    0.391486
    0.391835
    0.392184
    0.392533
    0.392882
    0.393231
    0.393580
    0.393929
    0.394278
    0.394627
    0.394976
    0.395324
    0.395673
    0.395324
    0.395673
    0.396022
    0.396371
    0.396720
    0.397069
    0.397418
    0.397767
    0.398116
    0.398465
    0.398116
    0.398465
    0.398814
    0.399163
    0.399512
    0.399860
    0.399512
    0.399860
    0.400209
    0.400558
    0.400907
    0.400558
    0.400907
    0.401256
    0.401605
    0.401954
    0.402303
    0.402652
    0.403001
    0.403350
    0.403699
    0.404047
    0.404396
    0.404745
    0.405094
    0.405443
    0.405792
    0.406141
    0.405792
    0.406141
    0.406490
    0.406839
    0.407188
    0.406839
    0.406490
    0.406839
    0.407188
    0.407537
    0.407886
    0.408234
    0.408583
    0.408932
    0.409281
    0.409630
    0.409979
    0.409630
    0.409979
    0.409630
    0.409281
    0.409630
    0.409979
    0.410328
    0.409979
    0.410328
    0.410677
    0.411026
    0.411375
    0.411724
    0.412073
    0.412421
    0.412770
    0.413119
    0.413468
    0.413817
    0.414166
    0.414515
    0.414864
    0.415213
    0.415562
    0.415911
    0.416260
    0.415911
    0.415562
    0.415213
    0.415562
    0.415911
    0.416260
    0.416609
    0.416957
    0.416609
    0.416957
    0.417306
    0.417655
    0.417306
    0.416957
    0.417306
    0.417655
    0.418004
    0.418353
    0.418004
    0.418353
    0.418702
    0.419051
    0.419400
    0.419749
    0.420098
    0.420447
    0.420796
    0.421144
    0.420796
    0.420447
    0.420796
    0.421144
    0.421493
    0.421842
    0.421493
    0.421842
    0.422191
    0.422540
    0.422191
    0.422540
    0.422191
    0.422540
    0.422191
    0.422540
    0.422889
    0.423238
    0.423587
    0.423936
    0.424285
    0.424634
    0.424983
    0.425331
    0.424983
    0.425331
    0.425680
    0.426029
    0.425680
    0.426029
    0.426378
    0.426727
    0.427076
    0.427425
    0.427774
    0.428123
    0.427774
    0.428123
    0.428472
    0.428821
    0.429170
    0.429518
    0.429170
    0.429518
    0.429867
    0.430216
    0.430565
    0.430914
    0.431263
    0.431612
    0.431263
    0.430914
    0.431263
    0.431612
    0.431961
    0.432310
    0.432659
    0.433008
    0.433357
    0.433706
    0.434054
    0.434403
    0.434752
    0.435101
    0.435450
    0.435799
    0.436148
    0.436497
    0.436846
    0.437195
    0.437544
    0.437893
    0.438241
    0.438590
    0.438939
    0.438590
    0.438939
    0.439288
    0.439637
    0.439986
    0.440335
    0.440684
    0.441033
    0.441382
    0.441731
    0.442080
    0.441731
    0.442080
    0.442428
    0.442777
    0.442428
    0.442777
    0.443126
    0.443475
    0.443824
    0.443475
    0.443126
    0.443475
    0.443824
    0.444173
    0.444522
    0.444871
    0.445220
    0.445569
    0.445918
    0.446267
    0.445918
    0.446267
    0.446615
    0.446964
    0.447313
    0.447662
    0.448011
    0.448360
    0.448011
    0.448360
    0.448709
    0.449058
    0.448709
    0.449058
    0.449407
    0.449756
    0.450105
    0.450454
    0.450803
    0.451151
    0.451500
    0.451849
    0.452198
    0.451849
    0.452198
    0.452547
    0.452896
    0.453245
    0.453594
    0.453943
    0.453594
    0.453943
    0.453594
    0.453943
    0.453594
    0.453943
    0.454292
    0.453943
    0.454292
    0.454641
    0.454292
    0.454641
    0.454990
    0.455338
    0.454990
    0.455338
    0.454990
    0.455338
    0.455687
    0.456036
    0.456385
    0.456036
    0.456385
    0.456734
    0.457083
    0.456734
    0.456385
    0.456036
    0.456385
    0.456734
    0.456385
    0.456734
    0.456385
    0.456734
    0.456385
    0.456734
    0.457083
    0.457432
    0.457781
    0.457432
    0.457781
    0.458130
    0.458479
    0.458130
    0.458479
    0.458828
    0.459177
    0.458828
    0.458479
    0.458828
    0.459177
    0.459525
    0.459874
    0.459525
    0.459177
    0.459525
    0.459177
    0.459525
    0.459874
    0.459525
    0.459874
    0.460223
    0.460572
    0.460921
    0.461270
    0.461619
    0.461270
    0.460921
    0.461270
    0.460921
    0.461270
    0.461619
    0.461968
    0.461619
    0.461968
    0.462317
    0.462666
    0.463015
    0.463364
    0.463712
    0.464061
    0.464410
    0.464759
    0.464410
    0.464759
    0.465108
    0.465457
    0.465806
    0.465457
    0.465108
    0.465457
    0.465806
    0.465457
    0.465806
    0.466155
    0.466504
    0.466155
    0.465806
    0.466155
    0.466504
    0.466853
    0.466504
    0.466155
    0.466504
    0.466853
    0.467202
    0.466853
    0.467202
    0.467551
    0.467202
    0.467551
    0.467202
    0.466853
    0.467202
    0.467551
    0.467900
    0.467551
    0.467900
    0.468248
    0.468597
    0.468946
    0.469295
    0.469644
    0.469993
    0.470342
    0.470691
    0.470342
    0.470691
    0.470342
    0.470691
    0.471040
    0.471389
    0.471738
    0.472087
    0.472435
    0.472784
    0.473133
    0.473482
    0.473133
    0.473482
    0.473831
    0.474180
    0.474529
    0.474180
    0.474529
    0.474180
    0.473831
    0.474180
    0.474529
    0.474878
    0.475227
    0.474878
    0.475227
    0.475576
    0.475925
    0.476274
    0.475925
    0.476274
    0.476622
    0.476971
    0.477320
    0.477669
    0.478018
    0.477669
    0.478018
    0.478367
    0.478018
    0.478367
    0.478716
    0.479065
    0.478716
    0.478367
    0.478018
    0.478367
    0.478716
    0.479065
    0.479414
    0.479763
    0.480112
    0.480461
    0.480809
    0.481158
    0.481507
    0.481856
    0.482205
    0.482554
    0.482903
    0.483252
    0.483601
    0.483252
    0.483601
    0.483950
    0.484299
    0.484648
    0.484997
    0.485345
    0.485694
    0.486043
    0.486392
    0.486741
    0.487090
    0.486741
    0.486392
    0.486741
    0.486392
    0.486741
    0.487090
    0.487439
    0.487788
    0.488137
    0.488486
    0.488137
    0.488486
    0.488137
    0.488486
    0.488835
    0.488486
    0.488137
    0.488486
    0.488137
    0.488486
    0.488137
    0.488486
    0.488137
    0.488486
    0.488835
    0.489184
    0.489532
    0.489184
    0.488835
    0.489184
    0.489532
    0.489881
    0.490230
    0.490579
    0.490928
    0.491277
    0.491626
    0.491277
    0.490928
    0.490579
    0.490928
    0.491277
    0.490928
    0.490579
    0.490928
    0.491277
    0.491626
    0.491975
    0.492324
    0.492673
    0.493022
    0.493371
    0.493719
    0.493371
    0.493719
    0.493371
    0.493022
    0.493371
    0.493022
    0.493371
    0.493719
    0.494068
    0.494417
    0.494766
    0.495115
    0.495464
    0.495115
    0.494766
    0.495115
    0.494766
    0.495115
    0.495464
    0.495115
    0.495464
    0.495115
    0.494766
    0.495115
    0.494766
    0.495115
    0.495464
    0.495115
    0.495464
    0.495115
    0.495464
    0.495813
    0.496162
    0.496511
    0.496860
    0.497209
    0.496860
    0.497209
    0.497558
    0.497906
    0.498255
    0.498604
    0.498255
    0.498604
    0.498953
    0.499302
    0.499651
    0.500000
    0.500349
    0.500000
    0.500349
    0.500698
    0.501047
    0.501396
    0.501745
    0.502094
    0.502442
    0.502791
    0.503140
    0.503489
    0.503140
    0.503489
    0.503838
    0.504187
    0.504536
    0.504885
    0.504536
    0.504885
    0.505234
    0.504885
    0.504536
    0.504885
    0.505234
    0.505583
    0.505234
    0.505583
    0.505932
    0.506281
    0.506629
    0.506978
    0.507327
    0.507676
    0.507327
    0.507676
    0.508025
    0.507676
    0.508025
    0.508374
    0.508723
    0.509072
    0.509421
    0.509072
    0.508723
    0.509072
    0.509421
    0.509770
    0.510119
    0.510468
    0.510816
    0.511165
    0.510816
    0.511165
    0.511514
    0.511165
    0.511514
    0.511863
    0.512212
    0.512561
    0.512212
    0.512561
    0.512212
    0.512561
    0.512212
    0.512561
    0.512910
    0.513259
    0.512910
    0.513259
    0.512910
    0.513259
    0.513608
    0.513957
    0.514306
    0.514655
    0.514306
    0.513957
    0.514306
    0.514655
    0.514306
    0.514655
    0.515003
    0.515352
    0.515701
    0.516050
    0.516399
    0.516748
    0.517097
    0.517446
    0.517097
    0.517446
    0.517795
    0.518144
    0.517795
    0.518144
    0.517795
    0.517446
    0.517097
    0.517446
    0.517795
    0.518144
    0.517795
    0.518144
    0.518493
    0.518144
    0.518493
    0.518842
    0.518493
    0.518842
    0.519191
    0.519539
    0.519888
    0.520237
    0.520586
    0.520935
    0.521284
    0.521633
    0.521982
    0.522331
    0.522680
    0.522331
    0.522680
    0.523029
    0.523378
    0.523726
    0.524075
    0.524424
    0.524773
    0.525122
    0.524773
    0.525122
    0.524773
    0.524424
    0.524075
    0.524424
    0.524773
    0.525122
    0.524773
    0.525122
    0.525471
    0.525820
    0.526169
    0.525820
    0.526169
    0.525820
    0.526169
    0.526518
    0.526867
    0.527216
    0.527565
    0.527216
    0.526867
    0.526518
    0.526867
    0.527216
    0.527565
    0.527913
    0.527565
    0.527216
    0.527565
    0.527913
    0.528262
    0.528611
    0.528262
    0.528611
    0.528960
    0.529309
    0.529658
    0.530007
    0.530356
    0.530705
    0.530356
    0.530705
    0.531054
    0.531403
    0.531752
    0.532100
    0.532449
    0.532100
    0.531752
    0.531403
    0.531752
    0.532100
    0.532449
    0.532798
    0.533147
    0.532798
    0.533147
    0.533496
    0.533845
    0.533496
    0.533845
    0.534194
    0.534543
    0.534892
    0.535241
    0.535590
    0.535241
    0.535590
    0.535939
    0.535590
    0.535939
    0.535590
    0.535939
    0.536288
    0.536636
    0.536985
    0.537334
    0.537683
    0.538032
    0.537683
    0.537334
    0.537683
    0.538032
    0.537683
    0.538032
    0.538381
    0.538730
    0.539079
    0.538730
    0.539079
    0.539428
    0.539777
    0.540126
    0.539777
    0.540126
    0.539777
    0.539428
    0.539777
    0.539428
    0.539777
    0.540126
    0.540475
    0.540823
    0.541172
    0.541521
    0.541870
    0.542219
    0.542568
    0.542917
    0.542568
    0.542917
    0.542568
    0.542219
    0.542568
    0.542917
    0.543266
    0.543615
    0.543964
    0.544313
    0.544662
    0.545010
    0.545359
    0.545010
    0.545359
    0.545708
    0.545359
    0.545708
    0.545359
    0.545708
    0.546057
    0.545708
    0.545359
    0.545010
    0.544662
    0.545010
    0.545359
    0.545010
    0.545359
    0.545708
    0.546057
    0.546406
    0.546755
    0.546406
    0.546755
    0.546406
    0.546755
    0.547104
    0.547453
    0.547104
    0.547453
    0.547802
    0.548151
    0.548500
    0.548151
    0.547802
    0.548151
    0.547802
    0.547453
    0.547104
    0.546755
    0.546406
    0.546755
    0.547104
    0.547453
    0.547802
    0.548151
    0.548500
    0.548849
    0.548500
    0.548849
    0.548500
    0.548151
    0.547802
    0.548151
    0.547802
    0.548151
    0.548500
    0.548849
    0.549197
    0.549546
    0.549895
    0.549546
    0.549895
    0.549546
    0.549895
    0.550244
    0.549895
    0.550244
    0.550593
    0.550942
    0.550593
    0.550942
    0.551291
    0.551640
    0.551989
    0.552338
    0.551989
    0.551640
    0.551989
    0.552338
    0.552687
    0.553036
    0.553385
    0.553733
    0.554082
    0.553733
    0.553385
    0.553733
    0.554082
    0.554431
    0.554780
    0.555129
    0.554780
    0.555129
    0.554780
    0.555129
    0.555478
    0.555129
    0.555478
    0.555827
    0.555478
    0.555827
    0.556176
    0.556525
    0.556874
    0.557223
    0.556874
    0.557223
    0.557572
    0.557920
    0.557572
    0.557223
    0.557572
    0.557920
    0.558269
    0.558618
    0.558967
    0.559316
    0.558967
    0.559316
    0.559665
    0.559316
    0.559665
    0.560014
    0.560363
    0.560712
    0.561061
    0.561410
    0.561759
    0.562107
    0.562456
    0.562805
    0.562456
    0.562805
    0.562456
    0.562805
    0.562456
    0.562107
    0.561759
    0.562107
    0.561759
    0.562107
    0.561759
    0.561410
    0.561759
    0.562107
    0.561759
    0.561410
    0.561759
    0.561410
    0.561759
    0.562107
    0.561759
    0.562107
    0.562456
    0.562107
    0.562456
    0.562107
    0.562456
    0.562805
    0.563154
    0.563503
    0.563852
    0.564201
    0.564550
    0.564201
    0.564550
    0.564899
    0.565248
    0.565597
    0.565946
    0.566294
    0.565946
    0.566294
    0.566643
    0.566992
    0.567341
    0.566992
    0.566643
    0.566992
    0.567341
    0.567690
    0.568039
    0.568388
    0.568737
    0.569086
    0.569435
    0.569784
    0.569435
    0.569784
    0.569435
    0.569086
    0.569435
    0.569784
    0.570133
    0.570482
    0.570133
    0.569784
    0.570133
    0.569784
    0.569435
    0.569784
    0.570133
    0.570482
    0.570830
    0.571179
    0.571528
    0.571877
    0.572226
    0.572575
    0.572226
    0.572575
    0.572924
    0.573273
    0.573622
    0.573273
    0.572924
    0.573273
    0.572924
    0.573273
    0.572924
    0.573273
    0.573622
    0.573273
    0.572924
    0.572575
    0.572226
    0.572575
    0.572924
    0.573273
    0.573622
    0.573971
    0.574320
    0.574669
    0.574320
    0.574669
    0.575017
    0.574669
    0.575017
    0.574669
    0.574320
    0.573971
    0.573622
    0.573971
    0.574320
    0.573971
    0.574320
    0.574669
    0.575017
    0.575366
    0.575715
    0.576064
    0.575715
    0.575366
    0.575017
    0.574669
    0.575017
    0.575366
    0.575715
    0.576064
    0.576413
    0.576064
    0.575715
    0.575366
    0.575715
    0.576064
    0.575715
    0.576064
    0.576413
    0.576064
    0.575715
    0.575366
    0.575715
    0.575366
    0.575017
    0.574669
    0.575017
    0.575366
    0.575017
    0.574669
    0.575017
    0.574669
    0.574320
    0.574669
    0.575017
    0.574669
    0.574320
    0.574669
    0.575017
    0.575366
    0.575715
    0.576064
    0.575715
    0.576064
    0.576413
    0.576762
    0.576413
    0.576064
    0.575715
    0.576064
    0.575715
    0.576064
    0.575715
    0.576064
    0.575715
    0.576064
    0.576413
    0.576762
    0.577111
    0.577460
    0.577809
    0.578158
    0.578507
    0.578856
    0.579204
    0.578856
    0.578507
    0.578158
    0.577809
    0.578158
    0.578507
    0.578856
    0.579204
    0.579553
    0.579204
    0.578856
    0.578507
    0.578856
    0.579204
    0.579553
    0.579204
    0.579553
    0.579902
    0.580251
    0.579902
    0.580251
    0.580600
    0.580949
    0.580600
    0.580949
    0.581298
    0.581647
    0.581996
    0.582345
    0.582694
    0.583043
    0.583391
    0.583740
    0.583391
    0.583043
    0.582694
    0.583043
    0.583391
    0.583043
    0.583391
    0.583740
    0.584089
    0.584438
    0.584089
    0.583740
    0.583391
    0.583740
    0.584089
    0.583740
    0.583391
    0.583740
    0.584089
    0.584438
    0.584089
    0.583740
    0.584089
    0.583740
    0.584089
    0.583740
    0.583391
    0.583043
    0.583391
    0.583043
    0.583391
    0.583740
    0.583391
    0.583740
    0.584089
    0.584438
    0.584787
    0.585136
    0.584787
    0.585136
    0.585485
    0.585834
    0.585485
    0.585136
    0.584787
    0.585136
    0.585485
    0.585834
    0.585485
    0.585834
    0.586183
    0.585834
    0.586183
    0.586532
    0.586881
    0.586532
    0.586881
    0.586532
    0.586183
    0.586532
    0.586881
    0.586532
    0.586183
    0.585834
    0.586183
    0.585834
    0.585485
    0.585136
    0.584787
    0.585136
    0.584787
    0.585136
    0.584787
    0.585136
    0.585485
    0.585136
    0.585485
    0.585834
    0.586183
    0.586532
    0.586881
    0.587230
    0.587579
    0.587230
    0.587579
    0.587230
    0.586881
    0.587230
    0.586881
    0.587230
    0.587579
    0.587230
    0.586881
    0.587230
    0.586881
    0.587230
    0.586881
    0.587230
    0.587579
    0.587230
    0.587579
    0.587230
    0.587579
    0.587927
    0.588276
    0.588625
    0.588974
    0.588625
    0.588974
    0.589323
    0.588974
    0.589323
    0.588974
    0.588625
    0.588974
    0.588625
    0.588974
    0.589323
    0.588974
    0.589323
    0.589672
    0.590021
    0.590370
    0.590021
    0.589672
    0.590021
    0.590370
    0.590021
    0.590370
    0.590719
    0.591068
    0.590719
    0.590370
    0.590719
    0.591068
    0.590719
    0.591068
    0.591417
    0.591068
    0.591417
    0.591766
    0.592114
    0.591766
    0.592114
    0.592463
    0.592114
    0.592463
    0.592114
    0.592463
    0.592812
    0.593161
    0.592812
    0.593161
    0.592812
    0.592463
    0.592114
    0.591766
    0.592114
    0.591766
    0.591417
    0.591766
    0.592114
    0.591766
    0.591417
    0.591766
    0.591417
    0.591068
    0.590719
    0.591068
    0.590719
    0.590370
    0.590719
    0.591068
    0.591417
    0.591068
    0.591417
    0.591068
    0.591417
    0.591766
    0.591417
    0.591766
    0.591417
    0.591068
    0.591417
    0.591068
    0.591417
    0.591766
    0.592114
    0.591766
    0.592114
    0.592463
    0.592114
    0.592463
    0.592114
    0.591766
    0.592114
    0.592463
    0.592114
    0.592463
    0.592114
    0.592463
    0.592114
    0.592463
    0.592114
    0.592463
    0.592114
    0.591766
    0.591417
    0.591068
    0.591417
    0.591068
    0.590719
    0.590370
    0.590021
    0.590370
    0.590719
    0.591068
    0.590719
    0.591068
    0.590719
    0.591068
    0.591417
    0.591068
    0.591417
    0.591068
    0.591417
    0.591766
    0.591417
    0.591766
    0.591417
    0.591766
    0.592114
    0.591766
    0.591417
    0.591766
    0.591417
    0.591068
    0.591417
    0.591068
    0.590719
    0.591068
    0.591417
    0.591766
    0.592114
    0.592463
    0.592114
    0.591766
    0.591417
    0.591766
    0.592114
    0.592463
    0.592812
    0.593161
    0.592812
    0.593161
    0.592812
    0.592463
    0.592114
    0.592463
    0.592812
    0.593161
    0.592812
    0.593161
    0.593510
    0.593859
    0.594208
    0.594557
    0.594208
    0.594557
    0.594906
    0.595255
    0.595604
    0.595255
    0.595604
    0.595255
    0.595604
    0.595953
    0.595604
    0.595953
    0.596301
    0.596650
    0.596999
    0.597348
    0.597697
    0.597348
    0.597697
    0.598046
    0.598395
    0.598744
    0.599093
    0.598744
    0.598395
    0.598744
    0.598395
    0.598046
    0.597697
    0.598046
    0.598395
    0.598744
    0.599093
    0.599442
    0.599093
    0.599442
    0.599791
    0.599442
    0.599791
    0.600140
    0.599791
    0.599442
    0.599791
    0.600140
    0.600488
    0.600140
    0.600488
    0.600140
    0.599791
    0.599442
    0.599093
    0.599442
    0.599791
    0.600140
    0.599791
    0.600140
    0.600488
    0.600837
    0.600488
    0.600837
    0.600488
    0.600837
    0.600488
    0.600837
    0.600488
    0.600140
    0.600488
    0.600837
    0.600488
    0.600837
    0.600488
    0.600837
    0.601186
    0.601535
    0.601186
    0.601535
    0.601884
    0.602233
    0.601884
    0.601535
    0.601884
    0.601535
    0.601186
    0.601535
    0.601884
    0.601535
    0.601186
    0.600837
    0.601186
    0.600837
    0.600488
    0.600837
    0.600488
    0.600837
    0.601186
    0.601535
    0.601884
    0.602233
    0.601884
    0.601535
    0.601884
    0.601535
    0.601884
    0.602233
    0.601884
    0.601535
    0.601884
    0.602233
    0.601884
    0.602233
    0.601884
    0.601535
    0.601186
    0.600837
    0.601186
    0.601535
    0.601186
    0.601535
    0.601884
    0.601535
    0.601884
    0.602233
    0.602582
    0.602233
    0.601884
    0.601535
    0.601884
    0.601535
    0.601186
    0.600837
    0.601186
    0.600837
    0.601186
    0.601535
    0.601186
    0.600837
    0.601186
    0.601535
    0.601884
    0.602233
    0.601884
    0.601535
    0.601186
    0.600837
    0.601186
    0.600837
    0.601186
    0.601535
    0.601186
    0.601535
    0.601884
    0.601535
    0.601884
    0.602233
    0.601884
    0.602233
    0.601884
    0.602233
    0.602582
    0.602931
    0.602582
    0.602233
    0.601884
    0.601535
    0.601884
    0.602233
    0.601884
    0.601535
    0.601884
    0.602233
    0.601884
    0.602233
    0.602582
    0.602233
    0.602582
    0.602233
    0.602582
    0.602931
    0.602582
    0.602931
    0.602582
    0.602233
    0.602582
    0.602233
    0.602582
    0.602931
    0.602582
    0.602233
    0.601884
    0.601535
    0.601884
    0.601535
    0.601884
    0.601535
    0.601186
    0.601535
    0.601884
    0.602233
    0.601884
    0.602233
    0.602582
    0.602931
    0.603280
    0.603629
    0.603280
    0.602931
    0.602582
    0.602233
    0.602582
    0.602233
    0.601884
    0.601535
    0.601186
    0.601535
    0.601884
    0.601535
    0.601186
    0.600837
    0.601186
    0.601535
    0.601884
    0.602233
    0.602582
    0.602233
    0.601884
    0.602233
    0.601884
    0.602233
    0.602582
    0.602233
    0.602582
    0.602233
    0.602582
    0.602233
    0.601884
    0.601535
    0.601884
    0.602233
    0.601884
    0.601535
    0.601884
    0.602233
    0.601884
    0.601535
    0.601186
    0.600837
    0.601186
    0.601535
    0.601884
    0.601535
    0.601186
    0.600837
    0.600488
    0.600837
    0.601186
    0.600837
    0.601186
    0.600837
    0.601186
    0.601535
    0.601884
    0.601535
    0.601884
    0.602233
    0.602582
    0.602931
    0.602582
    0.602931
    0.602582
    0.602233
    0.602582
    0.602233
    0.601884
    0.601535
    0.601884
    0.601535
    0.601884
    0.602233
    0.601884
    0.601535
    0.601884
    0.601535
    0.601884
    0.602233
    0.602582
    0.602931
    0.603280
    0.602931
    0.603280
    0.603629
    0.603978
    0.603629
    0.603978
    0.603629
    0.603280
    0.603629
    0.603280
    0.603629
    0.603280
    0.603629
    0.603978
    0.603629
    0.603280
    0.603629
    0.603978
    0.603629
    0.603978
    0.604327
    0.603978
    0.603629
    0.603978
    0.604327
    0.604676
    0.605024
    0.605373
    0.605722
    0.606071
    0.606420
    0.606769
    0.607118
    0.606769
    0.607118
    0.607467
    0.607118
    0.607467
    0.607816
    0.608165
    0.608514
    0.608863
    0.609211
    0.609560
    0.609211
    0.608863
    0.609211
    0.609560
    0.609909
    0.609560
    0.609909
    0.609560
    0.609211
    0.609560
    0.609211
    0.609560
    0.609211
    0.609560
    0.609211
    0.609560
    0.609909
    0.609560
    0.609909
    0.609560
    0.609909
    0.610258
    0.609909
    0.610258
    0.610607
    0.610956
    0.611305
    0.610956
    0.611305
    0.611654
    0.612003
    0.612352
    0.612701
    0.613050
    0.613398
    0.613050
    0.613398
    0.613050
    0.612701
    0.613050
    0.612701
    0.613050
    0.612701
    0.612352
    0.612701
    0.612352
    0.612701
    0.612352
    0.612701
    0.613050
    0.612701
    0.613050
    0.613398
    0.613050
    0.613398
    0.613747
    0.614096
    0.614445
    0.614794
    0.614445
    0.614794
    0.615143
    0.614794
    0.615143
    0.614794
    0.615143
    0.614794
    0.614445
    0.614794
    0.614445
    0.614096
    0.613747
    0.614096
    0.614445
    0.614794
    0.615143
    0.615492
    0.615143
    0.615492
    0.615143
    0.615492
    0.615841
    0.616190
    0.615841
    0.616190
    0.616539
    0.616190
    0.615841
    0.616190
    0.615841
    0.615492
    0.615143
    0.614794
    0.614445
    0.614794
    0.615143
    0.614794
    0.614445
    0.614794
    0.614445
    0.614794
    0.614445
    0.614794
    0.614445
    0.614096
    0.613747
    0.614096
    0.614445
    0.614096
    0.613747
    0.613398
    0.613747
    0.613398
    0.613747
    0.614096
    0.614445
    0.614096
    0.613747
    0.613398
    0.613050
    0.612701
    0.613050
    0.612701
    0.612352
    0.612003
    0.612352
    0.612701
    0.612352
    0.612701
    0.612352
    0.612701
    0.613050
    0.613398
    0.613747
    0.613398
    0.613747
    0.613398
    0.613050
    0.612701
    0.612352
    0.612701
    0.612352
    0.612003
    0.612352
    0.612003
    0.612352
    0.612701
    0.612352
    0.612003
    0.611654
    0.611305
    0.611654
    0.612003
    0.611654
    0.612003
    0.612352
    0.612701
    0.612352
    0.612003
    0.611654
    0.612003
    0.612352
    0.612701
    0.613050
    0.612701
    0.613050
    0.612701
    0.613050
    0.612701
    0.613050
    0.613398
    0.613747
    0.613398
    0.613747
    0.614096
    0.613747
    0.613398
    0.613747
    0.613398
    0.613747
    0.614096
    0.614445
    0.614096
    0.614445
    0.614794
    0.615143
    0.614794
    0.615143
    0.615492
    0.615143
    0.614794
    0.615143
    0.615492
    0.615143
    0.615492
    0.615143
    0.614794
    0.614445
    0.614794
    0.615143
    0.615492
    0.615841
    0.616190
    0.616539
    0.616888
    0.617237
    0.616888
    0.617237
    0.617585
    0.617934
    0.617585
    0.617237
    0.617585
    0.617934
    0.618283
    0.618632
    0.618981
    0.618632
    0.618981
    0.618632
    0.618981
    0.619330
    0.619679
    0.619330
    0.619679
    0.619330
    0.618981
    0.619330
    0.618981
    0.619330
    0.619679
    0.619330
    0.619679
    0.620028
    0.620377
    0.620028
    0.619679
    0.620028
    0.619679
    0.619330
    0.618981
    0.618632
    0.618981
    0.619330
    0.619679
    0.620028
    0.619679
    0.619330
    0.619679
    0.619330
    0.619679
    0.619330
    0.619679
    0.620028
    0.620377
    0.620726
    0.621075
    0.621424
    0.621773
    0.622121
    0.621773
    0.622121
    0.622470
    0.622819
    0.622470
    0.622121
    0.622470
    0.622121
    0.622470
    0.622121
    0.622470
    0.622121
    0.622470
    0.622121
    0.622470
    0.622819
    0.623168
    0.623517
    0.623168
    0.622819
    0.623168
    0.623517
    0.623866
    0.623517
    0.623168
    0.622819
    0.622470
    0.622121
    0.622470
    0.622819
    0.622470
    0.622819
    0.622470
    0.622819
    0.623168
    0.622819
    0.622470
    0.622121
    0.622470
    0.622121
    0.621773
    0.622121
    0.621773
    0.622121
    0.621773
    0.621424
    0.621773
    0.622121
    0.621773
    0.622121
    0.621773
    0.622121
    0.621773
    0.622121
    0.622470
    0.622819
    0.622470
    0.622819
    0.623168
    0.623517
    0.623168
    0.623517
    0.623168
    0.622819
    0.623168
    0.623517
    0.623168
    0.623517
    0.623168
    0.623517
    0.623866
    0.623517
    0.623168
    0.622819
    0.623168
    0.623517
    0.623168
    0.622819
    0.622470
    0.622819
    0.623168
    0.623517
    0.623168
    0.623517
    0.623866
    0.624215
    0.624564
    0.624913
    0.624564
    0.624913
    0.625262
    0.625611
    0.625960
    0.626308
    0.626657
    0.627006
    0.626657
    0.626308
    0.626657
    0.626308
    0.626657
    0.627006
    0.627355
    0.627704
    0.628053
    0.627704
    0.628053
    0.628402
    0.628751
    0.629100
    0.628751
    0.628402
    0.628751
    0.629100
    0.628751
    0.628402
    0.628053
    0.627704
    0.628053
    0.628402
    0.628751
    0.628402
    0.628053
    0.627704
    0.627355
    0.627704
    0.628053
    0.627704
    0.628053
    0.627704
    0.628053
    0.628402
    0.628751
    0.628402
    0.628053
    0.628402
    0.628053
    0.628402
    0.628053
    0.628402
    0.628751
    0.628402
    0.628751
    0.629100
    0.628751
    0.629100
    0.628751
    0.629100
    0.629449
    0.629798
    0.630147
    0.629798
    0.629449
    0.629100
    0.628751
    0.628402
    0.628751
    0.628402
    0.628053
    0.628402
    0.628053
    0.627704
    0.628053
    0.628402
    0.628751
    0.629100
    0.629449
    0.629798
    0.630147
    0.629798
    0.630147
    0.629798
    0.629449
    0.629100
    0.629449
    0.629100
    0.629449
    0.629100
    0.628751
    0.629100
    0.629449
    0.629798
    0.630147
    0.629798
    0.629449
    0.629100
    0.629449
    0.629100
    0.628751
    0.628402
    0.628053
    0.627704
    0.627355
    0.627704
    0.628053
    0.627704
    0.627355
    0.627704
    0.627355
    0.627704
    0.628053
    0.628402
    0.628751
    0.629100
    0.628751
    0.628402
    0.628751
    0.628402
    0.628751
    0.628402
    0.628751
    0.629100
    0.629449
    0.629798
    0.630147
    0.630495
    0.630147
    0.630495
    0.630147
    0.630495
    0.630147
    0.629798
    0.629449
    0.629100
    0.628751
    0.629100
    0.629449
    0.629100
    0.628751
    0.629100
    0.629449
    0.629798
    0.630147
    0.629798
    0.630147
    0.629798
    0.630147
    0.629798
    0.629449
    0.629100
    0.629449
    0.629100
    0.628751
    0.629100
    0.629449
    0.629100
    0.628751
    0.628402
    0.628053
    0.627704
    0.627355
    0.627006
    0.627355
    0.627704
    0.627355
    0.627704
    0.628053
    0.627704
    0.627355
    0.627704
    0.627355
    0.627006
    0.626657
    0.626308
    0.626657
    0.626308
    0.625960
    0.625611
    0.625960
    0.625611
    0.625960
    0.625611
    0.625960
    0.625611
    0.625262
    0.625611
    0.625960
    0.625611
    0.625960
    0.625611
    0.625262
    0.625611
    0.625960
    0.626308
    0.626657
    0.627006
    0.626657
    0.626308
    0.626657
    0.626308
    0.626657
    0.627006
    0.626657
    0.626308
    0.626657
    0.627006
    0.626657
    0.626308
    0.626657
    0.626308
    0.625960
    0.625611
    0.625262
    0.625611
    0.625960
    0.625611
    0.625960
    0.625611
    0.625262
    0.625611
    0.625262
    0.625611
    0.625262
    0.625611
    0.625960
    0.626308
    0.625960
    0.626308
    0.626657
    0.627006
    0.626657
    0.627006
    0.627355
    0.627006
    0.626657
    0.626308
    0.625960
    0.626308
    0.625960
    0.626308
    0.625960
    0.626308
    0.625960
    0.625611
    0.625960
    0.626308
    0.625960
    0.625611
    0.625262
    0.624913
    0.624564
    0.624215
    0.624564
    0.624913
    0.624564
    0.624913
    0.624564
    0.624913
    0.625262
    0.625611
    0.625262
    0.624913
    0.625262
    0.624913
    0.624564
    0.624215
    0.623866
    0.624215
    0.623866
    0.624215
    0.624564
    0.624215
    0.623866
    0.624215
    0.624564
    0.624215
    0.624564
    0.624215
    0.624564
    0.624913
    0.625262
    0.625611
    0.625960
    0.625611
    0.625960
    0.625611
    0.625960
    0.625611
    0.625262
