    0.250174
    0.250523
    0.250872
    0.251221
    0.251570
    0.251919
    0.252268
    0.252617
    0.252966
    0.253315
    0.253664
    0.254013
    0.254361
    0.254710
    0.255059
    0.255408
    0.255757
    0.256106
    0.256455
    0.256804
    0.257153
    0.257502
    0.257851
    0.258200
    0.258548
    0.258897
    0.259246
    0.259595
    0.259944
    0.260293
    0.260642
    0.260991
    0.261340
    0.261689
    0.262038
    0.262387
    0.262736
    0.263084
    0.263433
    0.263782
    0.264131
    0.264480
    0.264829
    0.265178
    0.265527
    0.265876
    0.266225
    0.266574
    0.266923
    0.267271
    0.267620
    0.267969
    0.268318
    0.268667
    0.269016
    0.269365
    0.269714
    0.270063
    0.270412
    0.270761
    0.271110
    0.271458
    0.271807
    0.272156
    0.272505
    0.272854
    0.273203
    0.273552
    0.273901
    0.274250
    0.274599
    0.274948
    0.275297
    0.275645
    0.275994
    0.276343
    0.276692
    0.277041
    0.277390
    0.277739
    0.278088
    0.278437
    0.278786
    0.279135
    0.279484
    0.279833
    0.280181
    0.280530
    0.280879
    0.281228
    0.281577
    0.281926
    0.282275
    0.282624
    0.282973
    0.283322
    0.283671
    0.284020
    0.284368
    0.284717
    0.285066
    0.285415
    0.285764
    0.286113
    0.286462
    0.286811
    0.287160
    0.287509
    0.287858
    0.288207
    0.288555
    0.288904
    0.289253
    0.289602
    0.289951
    0.290300
    0.290649
    0.290998
    0.291347
    0.291696
    0.292045
    0.292394
    0.292742
    0.293091
    0.293440
    0.293789
    0.294138
    0.294487
    0.294836
    0.295185
    0.295534
    0.295883
    0.296232
    0.296581
    0.296930
    0.297278
    0.297627
    0.297976
    0.298325
    0.298674
    0.299023
    0.299372
    0.299721
    0.300070
    0.300419
    0.300768
    0.301117
    0.301465
    0.301814
    0.302163
    0.302512
    0.302861
    0.303210
    0.303559
    0.303908
    0.304257
    0.304606
    0.304955
    0.305304
    0.305652
    0.306001
    0.306350
    0.306699
    0.307048
    0.307397
    0.307746
    0.308095
    0.308444
    0.308793
    0.309142
    0.309491
    0.309839
    0.310188
    0.310537
    0.310886
    0.311235
    0.311584
    0.311933
    0.312282
    0.312631
    0.312980
    0.313329
    0.313678
    0.314027
    0.314375
    0.314724
    0.315073
    0.315422
    0.315771
    0.316120
    0.316469
    0.316818
    0.317167
    0.317516
    0.317865
    0.318214
    0.318562
    0.318911
    0.319260
    0.319609
    0.319958
    0.320307
    0.320656
    0.321005
    0.321354
    0.321703
    0.322052
    0.322401
    0.322749
    0.323098
    0.323447
    0.323796
    0.324145
    0.324494
    0.324843
    0.325192
    0.325541
    0.325890
    0.326239
    0.326588
    0.326936
    0.327285
    0.327634
    0.327983
    0.328332
    0.328681
    0.329030
    0.329379
    0.329728
    0.330077
    0.330426
    0.330775
    0.331124
    0.331472
    0.331821
    0.332170
    0.332519
    0.332868
    0.333217
    0.333566
    0.333915
    0.334264
    0.334613
    0.334962
    0.335311
    0.335659
    0.336008
    0.336357
    0.336706
    0.337055
    0.337404
    0.337753
    0.338102
    0.338451
    0.338800
    0.339149
    0.339498
    0.339846
    0.340195
    0.340544
    0.340893
    0.341242
    0.341591
    0.341940
    0.342289
    0.342638
    0.342987
    0.343336
    0.343685
    0.344033
    0.344382
    0.344731
    0.345080
    0.345429
    0.345778
    0.346127
    0.346476
    0.346825
    0.347174
    0.347523
    0.347872
    0.348221
    0.348569
    0.348918
    0.349267
    0.349616
    0.349965
    0.350314
    0.350663
    0.351012
    0.351361
    0.351710
    0.352059
    0.352408
    0.352756
    0.353105
    0.353454
    0.353803
    0.354152
    0.354501
    0.354850
    0.355199
    0.355548
    0.355897
    0.356246
    0.356595
    0.356943
    0.357292
    0.357641
    0.357990
    0.358339
    0.358688
    0.359037
    0.359386
    0.359735
    0.360084
    0.360433
    0.360782
    0.361130
    0.361479
    0.361828
    0.362177
    0.362526
    0.362875
    0.363224
    0.363573
    0.363922
    0.364271
    0.364620
    0.364969
    0.365318
    0.365666
    0.366015
    0.366364
    0.366713
    0.367062
    0.367411
    0.367760
    0.368109
    0.368458
    0.368807
    0.369156
    0.369505
    0.369853
    0.370202
    0.370551
    0.370900
    0.371249
    0.371598
    0.371947
    0.372296
    0.372645
    0.372994
    0.373343
    0.373692
    0.374040
    0.374389
    0.374738
    0.375087
    0.375436
    0.375785
    0.376134
    0.376483
    0.376832
    0.377181
    0.377530
    0.377879
    0.378227
    0.378576
    0.378925
    0.379274
    0.379623
    0.379972
    0.380321
    0.380670
    0.381019
    0.381368
    0.381717
    0.382066
    0.382415
    0.382763
    0.383112
    0.383461
    0.383810
    0.384159
    0.384508
    0.384857
    0.385206
    0.385555
    0.385904
    0.386253
    0.386602
    0.386950
    0.387299
    0.387648
    0.387997
    0.388346
    0.388695
    0.389044
    0.389393
    0.389742
    0.390091
    0.390440
    0.390789
    0.391137
    0.391486
    0.391835
    0.392184
    0.392533
    0.392882
    0.393231
    0.393580
    0.393929
    0.394278
    0.394627
    0.394976
    0.395324
    0.395673
    0.396022
    0.396371
    0.396720
    0.397069
    0.397418
    0.397767
    0.398116
    0.398465
    0.398814
    0.399163
    0.399512
    0.399860
    0.400209
    0.400558
    0.400907
    0.401256
    0.401605
    0.401954
    0.402303
    0.402652
    0.403001
    0.403350
    0.403699
    0.404047
    0.404396
    0.404745
    0.405094
    0.405443
    0.405792
    0.406141
    0.406490
    0.406839
    0.407188
    0.407537
    0.407886
    0.408234
    0.408583
    0.408932
    0.409281
    0.409630
    0.409979
    0.410328
    0.410677
    0.411026
    0.411375
    0.411724
    0.412073
    0.412421
    0.412770
    0.413119
    0.413468
    0.413817
    0.414166
    0.414515
    0.414864
    0.415213
    0.415562
    0.415911
    0.416260
    0.416609
    0.416957
    0.417306
    0.417655
    0.418004
    0.418353
    0.418702
    0.419051
    0.419400
    0.419749
    0.420098
    0.420447
    0.420796
    0.421144
    0.421493
    0.421842
    0.422191
    0.422540
    0.422889
    0.423238
    0.423587
    0.423936
    0.424285
    0.424634
    0.424983
    0.425331
    0.425680
    0.426029
    0.426378
    0.426727
    0.427076
    0.427425
    0.427774
    0.428123
    0.428472
    0.428821
    0.429170
    0.429518
    0.429867
    0.430216
    0.430565
    0.430914
    0.431263
    0.431612
    0.431961
    0.432310
    0.432659
    0.433008
    0.433357
    0.433706
    0.434054
    0.434403
    0.434752
    0.435101
    0.435450
    0.435799
    0.436148
    0.436497
    0.436846
    0.437195
    0.437544
    0.437893
    0.438241
    0.438590
    0.438939
    0.439288
    0.439637
    0.439986
    0.440335
    0.440684
    0.441033
    0.441382
    0.441731
    0.442080
    0.442428
    0.442777
    0.443126
    0.443475
    0.443824
    0.444173
    0.444522
    0.444871
    0.445220
    0.445569
    0.445918
    0.446267
    0.446615
    0.446964
    0.447313
    0.447662
    0.448011
    0.448360
    0.448709
    0.449058
    0.449407
    0.449756
    0.450105
    0.450454
    0.450803
    0.451151
    0.451500
    0.451849
    0.452198
    0.452547
    0.452896
    0.453245
    0.453594
    0.453943
    0.454292
    0.454641
    0.454990
    0.455338
    0.455687
    0.456036
    0.456385
    0.456734
    0.457083
    0.457432
    0.457781
    0.458130
    0.458479
    0.458828
    0.459177
    0.459525
    0.459874
    0.460223
    0.460572
    0.460921
    0.461270
    0.461619
    0.461968
    0.462317
    0.462666
    0.463015
    0.463364
    0.463712
    0.464061
    0.464410
    0.464759
    0.465108
    0.465457
    0.465806
    0.466155
    0.466504
    0.466853
    0.467202
    0.467551
    0.467900
    0.468248
    0.468597
    0.468946
    0.469295
    0.469644
    0.469993
    0.470342
    0.470691
    0.471040
    0.471389
    0.471738
    0.472087
    0.472435
    0.472784
    0.473133
    0.473482
    0.473831
    0.474180
    0.474529
    0.474878
    0.475227
    0.475576
    0.475925
    0.476274
    0.476622
    0.476971
    0.477320
    0.477669
    0.478018
    0.478367
    0.478716
    0.479065
    0.479414
    0.479763
    0.480112
    0.480461
    0.480809
    0.481158
    0.481507
    0.481856
    0.482205
    0.482554
    0.482903
    0.483252
    0.483601
    0.483950
    0.484299
    0.484648
    0.484997
    0.485345
    0.485694
    0.486043
    0.486392
    0.486741
    0.487090
    0.487439
    0.487788
    0.488137
    0.488486
    0.488835
    0.489184
    0.489532
    0.489881
    0.490230
    0.490579
    0.490928
    0.491277
    0.491626
    0.491975
    0.492324
    0.492673
    0.493022
    0.493371
    0.493719
    0.494068
    0.494417
    0.494766
    0.495115
    0.495464
    0.495813
    0.496162
    0.496511
    0.496860
    0.497209
    0.497558
    0.497906
    0.498255
    0.498604
    0.498953
    0.499302
    0.499651
    0.500000
    0.500349
    0.500698
    0.501047
    0.501396
    0.501745
    0.502094
    0.502442
    0.502791
    0.503140
    0.503489
    0.503838
    0.504187
    0.504536
    0.504885
    0.504536
    0.504885
    0.505234
    0.505583
    0.505932
    0.506281
    0.506629
    0.506978
    0.507327
    0.507676
    0.508025
    0.508374
    0.508723
    0.509072
    0.509421
    0.509770
    0.510119
    0.510468
    0.510816
    0.511165
    0.511514
    0.511863
    0.512212
    0.512561
    0.512910
    0.513259
    0.513608
    0.513957
    0.514306
    0.514655
    0.515003
    0.515352
    0.515701
    0.516050
    0.516399
    0.516748
    0.517097
    0.517446
    0.517795
    0.518144
    0.518493
    0.518842
    0.519191
    0.519539
    0.519888
    0.520237
    0.520586
    0.520935
    0.521284
    0.521633
    0.521982
    0.522331
    0.522680
    0.523029
    0.523378
    0.523726
    0.524075
    0.524424
    0.524773
    0.525122
    0.525471
    0.525820
    0.526169
    0.526518
    0.526867
    0.527216
    0.527565
    0.527913
    0.528262
    0.528611
    0.528960
    0.529309
    0.529658
    0.530007
    0.530356
    0.530705
    0.531054
    0.531403
    0.531752
    0.532100
    0.532449
    0.532798
    0.533147
    0.533496
    0.533845
    0.534194
    0.534543
    0.534892
    0.535241
    0.535590
    0.535939
    0.536288
    0.536636
    0.536985
    0.537334
    0.537683
    0.538032
    0.538381
    0.538730
    0.539079
    0.539428
    0.539777
    0.540126
    0.540475
    0.540823
    0.541172
    0.541521
    0.541870
    0.542219
    0.542568
    0.542917
    0.543266
    0.543615
    0.543964
    0.544313
    0.544662
    0.545010
    0.545359
    0.545708
    0.546057
    0.546406
    0.546755
    0.547104
    0.547453
    0.547802
    0.548151
    0.548500
    0.548849
    0.549197
    0.549546
    0.549895
    0.550244
    0.550593
    0.550942
    0.551291
    0.551640
    0.551989
    0.552338
    0.552687
    0.553036
    0.553385
    0.553733
    0.554082
    0.554431
    0.554780
    0.555129
    0.555478
    0.555827
    0.556176
    0.556525
    0.556874
    0.557223
    0.557572
    0.557920
    0.558269
    0.558618
    0.558967
    0.559316
    0.559665
    0.560014
    0.560363
    0.560712
    0.561061
    0.561410
    0.561759
    0.562107
    0.562456
    0.562805
    0.563154
    0.563503
    0.563852
    0.564201
    0.564550
    0.564899
    0.565248
    0.565597
    0.565946
    0.566294
    0.566643
    0.566992
    0.567341
    0.567690
    0.568039
    0.568388
    0.568737
    0.569086
    0.569435
    0.569784
    0.570133
    0.570482
    0.570830
    0.571179
    0.571528
    0.571877
    0.572226
    0.572575
    0.572924
    0.573273
    0.573622
    0.573971
    0.574320
    0.574669
    0.575017
    0.575366
    0.575715
    0.576064
    0.576413
    0.576762
    0.577111
    0.577460
    0.577809
    0.578158
    0.578507
    0.578856
    0.579204
    0.579553
    0.579902
    0.580251
    0.580600
    0.580949
    0.581298
    0.581647
    0.581996
    0.582345
    0.582694
    0.583043
    0.583391
    0.583740
    0.584089
    0.584438
    0.584787
    0.585136
    0.585485
    0.585834
    0.586183
    0.586532
    0.586881
    0.587230
    0.587579
    0.587927
    0.588276
    0.588625
    0.588974
    0.589323
    0.589672
    0.590021
    0.590370
    0.590719
    0.591068
    0.591417
    0.591766
    0.592114
    0.592463
    0.592812
    0.593161
    0.593510
    0.593859
    0.594208
    0.594557
    0.594906
    0.595255
    0.595604
    0.595953
    0.596301
    0.596650
    0.596999
    0.597348
    0.597697
    0.598046
    0.598395
    0.598744
    0.599093
    0.599442
    0.599791
    0.600140
    0.600488
    0.600837
    0.601186
    0.601535
    0.601884
    0.602233
    0.602582
    0.602931
    0.603280
    0.603629
    0.603978
    0.604327
    0.604676
    0.605024
    0.605373
    0.605722
    0.606071
    0.606420
    0.606769
    0.607118
    0.607467
    0.607816
    0.608165
    0.608514
    0.608863
    0.609211
    0.609560
    0.609909
    0.610258
    0.610607
    0.610956
    0.611305
    0.611654
    0.612003
    0.612352
    0.612701
    0.613050
    0.613398
    0.613747
    0.614096
    0.614445
    0.614794
    0.615143
    0.615492
    0.615841
    0.616190
    0.616539
    0.616888
    0.617237
    0.617585
    0.617934
    0.618283
    0.618632
    0.618981
    0.619330
    0.619679
    0.620028
    0.620377
    0.620726
    0.621075
    0.621424
    0.621773
    0.622121
    0.622470
    0.622819
    0.623168
    0.623517
    0.623866
    0.624215
    0.624564
    0.624913
    0.625262
    0.625611
    0.625960
    0.626308
    0.626657
    0.627006
    0.627355
    0.627704
    0.628053
    0.628402
    0.628751
    0.629100
    0.629449
    0.629798
    0.630147
    0.630495
    0.630844
    0.631193
    0.631542
    0.631891
    0.632240
    0.632589
    0.632938
    0.633287
    0.633636
    0.633985
    0.634334
    0.634682
    0.635031
    0.635380
    0.635729
    0.636078
    0.636427
    0.636776
    0.637125
    0.637474
    0.637823
    0.638172
    0.638521
    0.638870
    0.639218
    0.639567
    0.639916
    0.640265
    0.640614
    0.640963
    0.641312
    0.641661
    0.642010
    0.642359
    0.642708
    0.643057
    0.643405
    0.643754
    0.644103
    0.644452
    0.644801
    0.645150
    0.645499
    0.645848
    0.646197
    0.646546
    0.646895
    0.647244
    0.647592
    0.647941
    0.648290
    0.648639
    0.648988
    0.649337
    0.649686
    0.650035
    0.650384
    0.650733
    0.651082
    0.651431
    0.651779
    0.652128
    0.652477
    0.652826
    0.653175
    0.653524
    0.653873
    0.654222
    0.654571
    0.654920
    0.655269
    0.655618
    0.655967
    0.656315
    0.656664
    0.657013
    0.657362
    0.657711
    0.658060
    0.658409
    0.658758
    0.659107
    0.659456
    0.659805
    0.660154
    0.660502
    0.660851
    0.661200
    0.661549
    0.661898
    0.662247
    0.662596
    0.662945
    0.663294
    0.663643
    0.663992
    0.664341
    0.664689
    0.665038
    0.665387
    0.665736
    0.666085
    0.666434
    0.666783
    0.667132
    0.667481
    0.667830
    0.668179
    0.668528
    0.668876
    0.669225
    0.669574
    0.669923
    0.670272
    0.670621
    0.670970
    0.671319
    0.671668
    0.672017
    0.672366
    0.672715
    0.673064
    0.673412
    0.673761
    0.674110
    0.674459
    0.674808
    0.675157
    0.675506
    0.675855
    0.676204
    0.676553
    0.676902
    0.677251
    0.677599
    0.677948
    0.678297
    0.678646
    0.678995
    0.679344
    0.679693
    0.680042
    0.680391
    0.680740
    0.681089
    0.681438
    0.681786
    0.682135
    0.682484
    0.682833
    0.683182
    0.683531
    0.683880
    0.684229
    0.684578
    0.684927
    0.685276
    0.685625
    0.685973
    0.686322
    0.686671
    0.687020
    0.687369
    0.687718
    0.688067
    0.688416
    0.688765
    0.689114
    0.689463
    0.689812
    0.690161
    0.690509
    0.690858
    0.691207
    0.691556
    0.691905
    0.692254
    0.692603
    0.692952
    0.693301
    0.692952
    0.693301
    0.693650
    0.693999
    0.694348
    0.694696
    0.695045
    0.695394
    0.695743
    0.696092
    0.696441
    0.696790
    0.697139
    0.697488
    0.697837
    0.698186
    0.698535
    0.698883
    0.699232
    0.699581
    0.699930
    0.700279
    0.700628
    0.700977
    0.701326
    0.701675
    0.702024
    0.702373
    0.702722
    0.703070
    0.703419
    0.703768
    0.704117
    0.704466
    0.704815
    0.705164
    0.705513
    0.705862
    0.706211
    0.706560
    0.706909
    0.707258
    0.707606
    0.707955
    0.708304
    0.708653
    0.709002
    0.709351
    0.709700
    0.710049
    0.710398
    0.710747
    0.711096
    0.711445
    0.711793
    0.712142
    0.711793
    0.712142
    0.712491
    0.712840
    0.713189
    0.713538
    0.713887
    0.714236
    0.714585
    0.714934
    0.715283
    0.715632
    0.715980
    0.716329
    0.716678
    0.717027
    0.717376
    0.717725
    0.717376
    0.717725
    0.718074
    0.718423
    0.718772
    0.719121
    0.719470
    0.719819
    0.720167
    0.720516
    0.720865
    0.721214
    0.721563
    0.721912
    0.722261
    0.722610
    0.722959
    0.723308
    0.723657
    0.724006
    0.724355
    0.724703
    0.725052
    0.725401
    0.725750
    0.726099
    0.726448
    0.726797
    0.727146
    0.727495
    0.727844
    0.728193
    0.728542
    0.728890
    0.729239
    0.729588
    0.729937
    0.730286
    0.730635
    0.730984
    0.731333
    0.731682
    0.732031
    0.732380
    0.732729
    0.733077
    0.733426
    0.733775
    0.734124
    0.734473
    0.734822
    0.735171
    0.735520
    0.735869
    0.736218
    0.736567
    0.736916
    0.737264
    0.737613
    0.737962
    0.738311
    0.738660
    0.739009
    0.739358
    0.739707
    0.740056
    0.740405
    0.740754
    0.741103
    0.741452
    0.741800
    0.742149
    0.742498
    0.742847
    0.743196
    0.743545
    0.743894
    0.743545
    0.743894
    0.744243
    0.744592
    0.744941
    0.745290
    0.745639
    0.745987
    0.746336
    0.746685
    0.747034
    0.747383
    0.747732
    0.748081
    0.748430
    0.748779
    0.749128
    0.749477
    0.749826
    0.750174
    0.750523
    0.750872
    0.751221
    0.751570
    0.751919
    0.752268
    0.752617
    0.752966
    0.753315
    0.753664
    0.754013
    0.754361
    0.754710
    0.755059
    0.755408
    0.755757
    0.756106
    0.756455
    0.756804
    0.757153
    0.757502
    0.757851
    0.758200
    0.758548
    0.758897
    0.759246
    0.759595
    0.759944
    0.760293
    0.760642
    0.760991
    0.761340
    0.761689
    0.762038
    0.762387
    0.762736
    0.763084
    0.763433
    0.763782
    0.764131
    0.764480
    0.764829
    0.765178
    0.765527
    0.765876
    0.766225
    0.766574
    0.766923
    0.767271
    0.767620
    0.767969
    0.768318
    0.768667
    0.769016
    0.769365
    0.769714
    0.770063
    0.770412
    0.770761
    0.771110
    0.771458
    0.771807
    0.771458
    0.771807
    0.772156
    0.772505
    0.772854
    0.773203
    0.773552
    0.773901
    0.774250
    0.773901
    0.774250
    0.774599
    0.774948
    0.775297
    0.775645
    0.775994
    0.776343
    0.776692
    0.777041
    0.777390
    0.777739
    0.778088
    0.778437
    0.778786
    0.779135
    0.779484
    0.779833
    0.780181
    0.780530
    0.780879
    0.781228
    0.781577
    0.781926
    0.782275
    0.782624
    0.782973
    0.783322
    0.782973
    0.783322
    0.783671
    0.784020
    0.784368
    0.784717
    0.785066
    0.785415
    0.785764
    0.786113
    0.786462
    0.786811
    0.787160
    0.787509
    0.787858
    0.788207
    0.788555
    0.788904
    0.789253
    0.789602
    0.789951
    0.790300
    0.790649
    0.790998
    0.790649
    0.790998
    0.791347
    0.791696
    0.792045
    0.792394
    0.792742
    0.793091
    0.793440
    0.793789
    0.794138
    0.794487
    0.794836
    0.795185
    0.795534
    0.795883
    0.796232
    0.796581
    0.796930
    0.797278
    0.797627
    0.797976
    0.798325
    0.798674
    0.799023
    0.799372
    0.799721
    0.800070
    0.800419
    0.800768
    0.801117
    0.801465
    0.801814
    0.802163
    0.802512
    0.802861
    0.803210
    0.803559
    0.803908
    0.804257
    0.804606
    0.804955
    0.805304
    0.805652
    0.806001
    0.806350
    0.806699
    0.807048
    0.807397
    0.807746
    0.808095
    0.808444
    0.808793
    0.809142
    0.809491
    0.809839
    0.810188
    0.810537
    0.810886
    0.811235
    0.811584
    0.811933
    0.812282
    0.812631
    0.812980
    0.813329
    0.813678
    0.814027
    0.814375
    0.814724
    0.815073
    0.815422
    0.815073
    0.815422
    0.815771
    0.816120
    0.816469
    0.816818
    0.817167
    0.817516
    0.817865
    0.818214
    0.817865
    0.818214
    0.818562
    0.818911
    0.819260
    0.819609
    0.819958
    0.820307
    0.820656
    0.821005
    0.821354
    0.821703
    0.822052
    0.822401
    0.822749
    0.823098
    0.823447
    0.823796
    0.824145
    0.824494
    0.824843
    0.825192
    0.825541
    0.825890
    0.826239
    0.826588
    0.826936
    0.827285
    0.827634
    0.827983
    0.828332
    0.828681
    0.829030
    0.829379
    0.829728
    0.830077
    0.830426
    0.830775
    0.831124
    0.831472
    0.831821
    0.832170
    0.832519
    0.832868
    0.833217
    0.833566
    0.833915
    0.833566
    0.833915
    0.834264
    0.834613
    0.834962
    0.835311
    0.835659
    0.836008
    0.836357
    0.836706
    0.837055
    0.837404
    0.837753
    0.838102
    0.838451
    0.838800
    0.839149
    0.839498
    0.839846
    0.840195
    0.840544
    0.840893
    0.841242
    0.841591
    0.841940
    0.842289
    0.842638
    0.842987
    0.843336
    0.843685
    0.844033
    0.844382
    0.844731
    0.845080
    0.845429
    0.845778
    0.846127
    0.846476
    0.846825
    0.847174
    0.847523
    0.847872
    0.848221
    0.848569
    0.848918
    0.849267
    0.849616
    0.849965
    0.850314
    0.850663
    0.851012
    0.851361
    0.851710
    0.852059
    0.852408
    0.852756
    0.853105
    0.853454
    0.853803
    0.854152
    0.854501
    0.854850
    0.855199
    0.855548
    0.855897
    0.856246
    0.856595
    0.856943
    0.857292
    0.857641
    0.857990
    0.858339
    0.858688
    0.859037
    0.859386
    0.859735
    0.860084
    0.860433
    0.860782
    0.861130
    0.861479
    0.861828
    0.862177
    0.862526
    0.862875
    0.863224
    0.863573
    0.863922
    0.864271
    0.864620
    0.864969
    0.864620
    0.864969
    0.865318
    0.865666
    0.866015
    0.866364
    0.866713
    0.867062
    0.867411
    0.867760
    0.868109
    0.868458
    0.868807
    0.869156
    0.869505
    0.869853
    0.870202
    0.870551
    0.870900
    0.871249
    0.871598
    0.871947
    0.872296
    0.871947
    0.872296
    0.872645
    0.872994
    0.873343
    0.873692
    0.874040
    0.874389
    0.874738
    0.875087
    0.875436
    0.875785
    0.876134
    0.876483
    0.876832
    0.877181
    0.877530
    0.877879
    0.877530
    0.877879
    0.878227
    0.878576
    0.878925
    0.879274
    0.879623
    0.879972
    0.880321
    0.880670
    0.881019
    0.881368
    0.881019
    0.881368
    0.881717
    0.882066
    0.882415
    0.882763
    0.883112
    0.883461
    0.883810
    0.884159
    0.884508
    0.884857
    0.885206
    0.885555
    0.885904
    0.886253
    0.885904
    0.886253
    0.886602
    0.886950
    0.887299
    0.887648
    0.887997
    0.888346
    0.888695
    0.888346
    0.888695
    0.889044
    0.889393
    0.889742
    0.890091
    0.890440
    0.890789
    0.891137
    0.891486
    0.891835
    0.892184
    0.892533
    0.892882
    0.893231
    0.893580
    0.893929
    0.894278
    0.894627
    0.894976
    0.894627
    0.894278
    0.894627
    0.894976
    0.895324
    0.895673
    0.896022
    0.896371
    0.896720
    0.897069
    0.897418
    0.897767
    0.898116
    0.898465
    0.898814
    0.899163
    0.899512
    0.899860
    0.900209
    0.900558
    0.900907
    0.901256
    0.901605
    0.901954
    0.902303
    0.902652
    0.903001
    0.903350
    0.903699
    0.904047
    0.904396
    0.904745
    0.905094
    0.905443
    0.905094
    0.905443
    0.905792
    0.906141
    0.906490
    0.906839
    0.907188
    0.907537
    0.907886
    0.908234
    0.908583
    0.908932
    0.909281
    0.909630
    0.909979
    0.910328
    0.910677
    0.911026
    0.911375
    0.911724
    0.912073
    0.912421
    0.912770
    0.913119
    0.913468
    0.913817
    0.914166
    0.913817
    0.914166
    0.914515
    0.914864
    0.915213
    0.915562
    0.915911
    0.916260
    0.916609
    0.916957
    0.916609
    0.916957
    0.917306
    0.917655
    0.918004
    0.918353
    0.918702
    0.919051
    0.919400
    0.919749
    0.919400
    0.919749
    0.920098
    0.920447
    0.920796
    0.921144
    0.921493
    0.921842
    0.922191
    0.922540
    0.922889
    0.923238
    0.923587
    0.923936
    0.924285
    0.924634
    0.924983
    0.925331
    0.925680
    0.926029
    0.926378
    0.926727
    0.927076
    0.927425
    0.927774
    0.928123
    0.928472
    0.928821
    0.929170
    0.928821
    0.929170
    0.929518
    0.929867
    0.930216
    0.930565
    0.930914
    0.931263
    0.931612
    0.931961
    0.932310
    0.932659
    0.933008
    0.933357
    0.933706
    0.934054
    0.934403
    0.934752
    0.935101
    0.935450
    0.935799
    0.936148
    0.936497
    0.936846
    0.937195
    0.937544
    0.937893
    0.938241
    0.938590
    0.938939
    0.939288
    0.939637
    0.939986
    0.940335
    0.940684
    0.941033
    0.941382
    0.941731
    0.942080
    0.942428
    0.942777
    0.943126
    0.943475
    0.943824
    0.944173
    0.944522
    0.944871
    0.945220
    0.945569
    0.945918
    0.946267
    0.946615
    0.946964
    0.947313
    0.947662
    0.948011
    0.948360
    0.948709
    0.949058
    0.949407
    0.949756
    0.950105
    0.950454
    0.950803
    0.951151
    0.951500
    0.951849
    0.952198
    0.952547
    0.952896
    0.953245
    0.952896
    0.953245
    0.953594
    0.953943
    0.954292
    0.954641
    0.954990
    0.955338
    0.954990
    0.955338
    0.955687
    0.956036
    0.956385
    0.956036
    0.956385
    0.956734
    0.957083
    0.956734
    0.957083
    0.957432
    0.957781
    0.958130
    0.958479
    0.958828
    0.959177
    0.959525
    0.959874
    0.960223
    0.960572
    0.960921
    0.961270
    0.961619
    0.961968
    0.962317
    0.962666
    0.963015
    0.963364
    0.963712
    0.964061
    0.964410
    0.964759
    0.965108
    0.965457
    0.965806
    0.966155
    0.965806
    0.966155
    0.965806
    0.966155
    0.966504
    0.966853
    0.967202
    0.967551
    0.967900
    0.968248
    0.968597
    0.968946
    0.969295
    0.969644
    0.969993
    0.970342
    0.970691
    0.971040
    0.970691
    0.971040
    0.971389
    0.971738
    0.972087
    0.971738
    0.971389
    0.971738
    0.972087
    0.972435
    0.972784
    0.973133
    0.972784
    0.973133
    0.973482
    0.973831
    0.973482
    0.973831
    0.973482
    0.973831
    0.974180
    0.974529
    0.974878
    0.975227
    0.975576
    0.975925
    0.976274
    0.976622
    0.976971
    0.977320
    0.977669
    0.978018
    0.978367
    0.978716
    0.979065
    0.979414
    0.979763
    0.980112
    0.980461
    0.980809
    0.981158
    0.981507
    0.981856
    0.982205
    0.982554
    0.982903
    0.982554
    0.982903
    0.982554
    0.982903
    0.983252
    0.983601
    0.983950
    0.984299
    0.983950
    0.984299
    0.984648
    0.984997
    0.985345
    0.985694
    0.986043
    0.985694
    0.986043
    0.985694
    0.986043
    0.986392
    0.986741
    0.987090
    0.986741
    0.986392
    0.986741
    0.987090
    0.986741
    0.987090
    0.987439
    0.987090
    0.986741
    0.987090
    0.987439
    0.987788
    0.988137
    0.988486
    0.988835
    0.989184
    0.989532
    0.989881
    0.990230
    0.990579
    0.990928
    0.991277
    0.990928
    0.991277
    0.991626
    0.991975
    0.992324
    0.992673
    0.993022
    0.993371
    0.993022
    0.993371
    0.993719
    0.994068
    0.994417
    0.994068
    0.994417
    0.994068
    0.993719
    0.994068
    0.993719
    0.994068
    0.993719
    0.994068
    0.993719
    0.994068
    0.994417
    0.994068
    0.994417
    0.994068
    0.994417
    0.994766
    0.995115
    0.995464
    0.995813
    0.996162
    0.996511
    0.996162
    0.996511
    0.996860
    0.997209
    0.997558
    0.997209
    0.997558
    0.997906
    0.997558
    0.997906
    0.997558
    0.997209
    0.997558
    0.997209
    0.996860
    0.997209
    0.996860
    0.996511
    0.996162
    0.996511
    0.996162
    0.996511
    0.996860
    0.996511
    0.996860
    0.996511
    0.996162
    0.996511
    0.996860
    0.997209
    0.997558
    0.997906
    0.997558
    0.997906
    0.998255
    0.997906
    0.997558
    0.997209
    0.997558
    0.997209
    0.996860
    0.996511
    0.996162
    0.995813
    0.995464
    0.995813
    0.996162
    0.996511
    0.996860
    0.997209
    0.996860
    0.997209
    0.996860
    0.997209
    0.997558
    0.997209
    0.996860
    0.997209
    0.997558
    0.997209
    0.996860
    0.997209
    0.996860
    0.996511
    0.996162
    0.995813
    0.995464
    0.995813
    0.996162
    0.995813
    0.995464
    0.995813
    0.995464
    0.995813
    0.995464
    0.995813
    0.995464
    0.995115
    0.994766
    0.995115
    0.995464
    0.995115
    0.994766
    0.994417
    0.994766
    0.994417
    0.994766
    0.995115
    0.995464
    0.995115
    0.994766
    0.994417
    0.994068
    0.994417
    0.994766
    0.994417
    0.994068
    0.993719
    0.994068
    0.994417
    0.994068
    0.994417
    0.994068
    0.994417
    0.994766
    0.995115
    0.994766
    0.994417
    0.994766
    0.994417
    0.994068
    0.993719
    0.993371
    0.993719
    0.993371
    0.993022
    0.993371
    0.993022
    0.993371
    0.993022
    0.992673
    0.992324
    0.991975
    0.991626
    0.991975
    0.992324
    0.991975
    0.992324
    0.991975
    0.992324
    0.991975
    0.991626
    0.991277
    0.991626
    0.991975
    0.992324
    0.992673
    0.992324
    0.992673
    0.992324
    0.992673
    0.992324
    0.991975
    0.991626
    0.991975
    0.991626
    0.991975
    0.992324
    0.991975
    0.991626
    0.991975
    0.991626
    0.991277
    0.991626
    0.991277
    0.990928
    0.990579
    0.990928
    0.990579
    0.990230
    0.990579
    0.990928
    0.990579
    0.990230
    0.990579
    0.990928
    0.990579
    0.990928
    0.990579
    0.990230
    0.989881
    0.990230
    0.990579
    0.990928
    0.991277
    0.991626
    0.991975
    0.992324
    0.991975
    0.991626
    0.991277
    0.991626
    0.991277
    0.990928
    0.990579
    0.990928
    0.990579
    0.990928
    0.991277
    0.990928
    0.990579
    0.990928
    0.990579
    0.990230
    0.990579
    0.990928
    0.990579
    0.990230
    0.989881
    0.989532
    0.989881
    0.989532
    0.989184
    0.988835
    0.988486
    0.988835
    0.989184
    0.989532
    0.989184
    0.988835
    0.989184
    0.988835
    0.988486
    0.988835
    0.988486
    0.988835
    0.989184
    0.989532
    0.989881
    0.989532
    0.989184
    0.989532
    0.989184
    0.989532
    0.989184
    0.989532
    0.989881
    0.989532
    0.989184
    0.988835
    0.989184
    0.989532
    0.989184
    0.988835
    0.989184
    0.989532
    0.989184
    0.988835
    0.988486
    0.988835
    0.988486
    0.988835
    0.988486
    0.988835
    0.988486
    0.988137
    0.987788
    0.988137
    0.988486
    0.988137
    0.988486
    0.988137
    0.987788
    0.988137
    0.988486
    0.988137
    0.987788
    0.987439
    0.987090
    0.986741
    0.986392
    0.986741
    0.987090
    0.986741
    0.987090
    0.986741
    0.987090
    0.986741
    0.986392
    0.986043
    0.985694
    0.986043
    0.985694
    0.985345
    0.985694
    0.985345
    0.985694
    0.985345
    0.984997
    0.985345
    0.984997
    0.984648
    0.984299
    0.983950
    0.984299
    0.983950
    0.984299
    0.983950
    0.984299
    0.983950
    0.984299
    0.984648
    0.984299
    0.983950
    0.984299
    0.983950
    0.983601
    0.983950
    0.984299
    0.983950
    0.983601
    0.983252
    0.982903
    0.983252
    0.982903
    0.983252
    0.982903
    0.983252
    0.983601
    0.983252
    0.982903
    0.983252
    0.983601
    0.983252
    0.983601
    0.983252
    0.982903
    0.983252
    0.982903
    0.983252
    0.982903
    0.982554
    0.982903
    0.982554
    0.982903
    0.982554
    0.982205
    0.982554
    0.982205
    0.981856
    0.981507
    0.981856
    0.981507
    0.981856
    0.981507
    0.981856
    0.982205
    0.981856
    0.981507
    0.981856
    0.981507
    0.981158
    0.981507
    0.981158
    0.981507
    0.981158
    0.981507
    0.981158
    0.980809
    0.981158
    0.980809
    0.981158
    0.980809
    0.980461
    0.980112
    0.979763
    0.979414
    0.979065
    0.979414
    0.979065
    0.979414
    0.979763
    0.979414
    0.979763
    0.979414
    0.979763
    0.979414
    0.979065
    0.979414
    0.979065
    0.979414
    0.979065
    0.979414
    0.979065
    0.978716
    0.978367
    0.978018
    0.977669
    0.978018
    0.977669
    0.978018
    0.977669
    0.977320
    0.976971
    0.976622
    0.976274
    0.975925
    0.975576
    0.975227
    0.975576
    0.975227
    0.974878
    0.975227
    0.974878
    0.974529
    0.974878
    0.975227
    0.975576
    0.975925
    0.976274
    0.976622
    0.976274
    0.975925
    0.976274
    0.976622
    0.976274
    0.976622
    0.976971
    0.976622
    0.976971
    0.976622
    0.976274
    0.976622
    0.976971
    0.976622
    0.976274
    0.975925
    0.975576
    0.975227
    0.975576
    0.975227
    0.974878
    0.974529
    0.974180
    0.973831
    0.973482
    0.973831
    0.974180
    0.973831
    0.973482
    0.973831
    0.973482
    0.973831
    0.973482
    0.973831
    0.974180
    0.973831
    0.973482
    0.973133
    0.973482
    0.973133
    0.973482
    0.973133
    0.973482
    0.973831
    0.973482
    0.973831
    0.973482
    0.973831
    0.973482
    0.973831
    0.973482
    0.973133
    0.972784
    0.972435
    0.972087
    0.971738
    0.971389
    0.971738
    0.972087
    0.971738
    0.971389
    0.971738
    0.972087
    0.972435
    0.972087
    0.971738
    0.972087
    0.971738
    0.972087
    0.971738
    0.971389
    0.971040
    0.971389
    0.971040
    0.970691
    0.971040
    0.971389
    0.971040
    0.970691
    0.971040
    0.970691
    0.970342
    0.969993
    0.969644
    0.969993
    0.970342
    0.969993
    0.970342
    0.970691
    0.970342
    0.969993
    0.970342
    0.969993
    0.969644
    0.969993
    0.969644
    0.969993
    0.969644
    0.969295
    0.968946
    0.969295
    0.968946
    0.969295
    0.968946
    0.969295
    0.968946
    0.968597
    0.968946
    0.968597
    0.968248
    0.968597
    0.968248
    0.967900
    0.968248
    0.968597
    0.968946
    0.969295
    0.968946
    0.968597
    0.968248
    0.967900
    0.967551
    0.967900
    0.968248
    0.967900
    0.967551
    0.967900
    0.968248
    0.967900
    0.967551
    0.967900
    0.967551
    0.967202
    0.966853
    0.967202
    0.967551
    0.967900
    0.967551
    0.967202
    0.966853
    0.966504
    0.966853
    0.966504
    0.966853
    0.966504
    0.966853
    0.967202
    0.966853
    0.966504
    0.966853
    0.967202
    0.967551
    0.967202
    0.967551
    0.967900
    0.967551
    0.967900
    0.967551
    0.967900
    0.967551
    0.967202
    0.967551
    0.967202
    0.967551
    0.967202
    0.966853
    0.967202
    0.967551
    0.967202
    0.966853
    0.966504
    0.966155
    0.965806
    0.965457
    0.965806
    0.966155
    0.965806
    0.966155
    0.965806
    0.966155
    0.966504
    0.966853
    0.966504
    0.966155
    0.966504
    0.966155
    0.965806
    0.965457
    0.965108
    0.965457
    0.965108
    0.965457
    0.965806
    0.965457
    0.965108
    0.965457
    0.965806
    0.965457
    0.965806
    0.965457
    0.965806
    0.966155
    0.966504
    0.966155
    0.966504
    0.966155
    0.966504
    0.966155
    0.966504
    0.966155
    0.965806
