          0.00000000               0.24982554
          0.00014584               0.24947662
          0.00108701               0.24912770
          0.00198039               0.24877879
          0.00214466               0.24842987
          0.00265324               0.24808095
          0.00339584               0.24773203
          0.00352213               0.24738311
          0.00398589               0.24703419
          0.00504372               0.24668528
          0.00582466               0.24633636
          0.00734119               0.24598744
          0.00744426               0.24563852
          0.00793823               0.24528960
          0.00797315               0.24494068
          0.00860040               0.24459177
          0.00983025               0.24424285
          0.01002475               0.24389393
          0.01070874               0.24354501
          0.01079359               0.24319609
          0.01137071               0.24284717
          0.01163770               0.24249826
          0.01196261               0.24214934
          0.01445063               0.24180042
          0.01661407               0.24145150
          0.01848494               0.24110258
          0.02072078               0.24075366
          0.02214253               0.24040475
          0.02465413               0.24005583
          0.02486886               0.23970691
          0.02620731               0.23935799
          0.02680019               0.23900907
          0.02789674               0.23866015
          0.03016298               0.23831124
          0.03018572               0.23796232
          0.03087074               0.23761340
          0.03187327               0.23726448
          0.03419325               0.23691556
          0.03502640               0.23656664
          0.03573496               0.23621773
          0.03598959               0.23586881
          0.03919216               0.23551989
          0.03954637               0.23517097
          0.04119004               0.23482205
          0.04342818               0.23447313
          0.04353175               0.23412421
          0.04359502               0.23377530
          0.04520389               0.23342638
          0.04730162               0.23307746
          0.04885502               0.23272854
          0.04900936               0.23237962
          0.05123572               0.23203070
          0.05377641               0.23168179
          0.05434715               0.23133287
          0.05666887               0.23098395
          0.05696628               0.23063503
          0.06065360               0.23028611
          0.06516478               0.22993719
          0.06878630               0.22958828
          0.06915328               0.22923936
          0.06954504               0.22889044
          0.06975442               0.22854152
          0.07034960               0.22819260
          0.07112874               0.22784368
          0.07121253               0.22749477
          0.07341338               0.22714585
          0.07467653               0.22679693
          0.07975435               0.22644801
          0.08038949               0.22609909
          0.08090594               0.22575017
          0.08101855               0.22540126
          0.08125372               0.22505234
          0.08304125               0.22470342
          0.08433466               0.22435450
          0.08906665               0.22400558
          0.09001722               0.22365666
          0.09098354               0.22330775
          0.09240873               0.22295883
          0.09441742               0.22260991
          0.09714380               0.22226099
          0.09744533               0.22191207
          0.09818627               0.22156315
          0.10216018               0.22121424
          0.10349194               0.22086532
          0.10445755               0.22051640
          0.10696015               0.22016748
          0.10742031               0.21981856
          0.10805394               0.21946964
          0.10908060               0.21912073
          0.10981550               0.21877181
          0.11211528               0.21842289
          0.11540260               0.21807397
          0.11546420               0.21772505
          0.11726762               0.21737613
          0.12081145               0.21702722
          0.12212161               0.21667830
          0.12376255               0.21632938
          0.12783839               0.21598046
          0.12840507               0.21563154
          0.13550279               0.21528262
          0.13711855               0.21493371
          0.13843291               0.21458479
          0.13992669               0.21423587
          0.14039847               0.21388695
          0.14171406               0.21353803
          0.14325498               0.21318911
          0.14399773               0.21284020
          0.14433197               0.21249128
          0.14501627               0.21214236
          0.15178120               0.21179344
          0.15181307               0.21144452
          0.15218529               0.21109560
          0.15463986               0.21074669
          0.15479177               0.21039777
          0.15914614               0.21004885
          0.16023651               0.21039777
          0.16025936               0.21004885
          0.16174619               0.20969993
          0.16505381               0.20935101
          0.16569321               0.20900209
          0.16747918               0.20865318
          0.16836241               0.20830426
          0.17289957               0.20795534
          0.18135992               0.20760642
          0.18154134               0.20725750
          0.18720619               0.20690858
          0.18724166               0.20655967
          0.18976745               0.20621075
          0.19176484               0.20586183
          0.19244931               0.20551291
          0.19427331               0.20516399
          0.19864527               0.20481507
          0.19949622               0.20446615
          0.20089206               0.20411724
          0.20199478               0.20376832
          0.20260544               0.20341940
          0.20625198               0.20307048
          0.20964104               0.20272156
          0.21005700               0.20237264
          0.21036921               0.20202373
          0.21312028               0.20167481
          0.21333115               0.20132589
          0.21512411               0.20097697
          0.21523770               0.20062805
          0.21734880               0.20027913
          0.22054436               0.19993022
          0.22187461               0.19958130
          0.22255237               0.19923238
          0.22471153               0.19888346
          0.22589181               0.19853454
          0.22680998               0.19818562
          0.22846036               0.19783671
          0.23029226               0.19748779
          0.23038530               0.19713887
          0.23090449               0.19678995
          0.23172460               0.19713887
          0.23175415               0.19678995
          0.23662417               0.19644103
          0.23823253               0.19609211
          0.23956710               0.19574320
          0.24334467               0.19539428
          0.24502917               0.19504536
          0.24968557               0.19469644
          0.25056735               0.19434752
          0.25138945               0.19399860
          0.25281805               0.19364969
          0.25314742               0.19330077
          0.25445100               0.19295185
          0.25692806               0.19260293
          0.25808486               0.19225401
          0.26630030               0.19190509
          0.26770243               0.19155618
          0.27348384               0.19120726
          0.27399239               0.19085834
          0.27916315               0.19050942
          0.28140491               0.19016050
          0.28410825               0.18981158
          0.28413250               0.18946267
          0.28457872               0.18911375
          0.28476010               0.18876483
          0.28529241               0.18841591
          0.28538088               0.18806699
          0.28607050               0.18771807
          0.28655339               0.18736916
          0.28707642               0.18702024
          0.28838101               0.18667132
          0.28869209               0.18632240
          0.29190654               0.18597348
          0.29722650               0.18562456
          0.29777168               0.18527565
          0.29836926               0.18492673
          0.30360743               0.18457781
          0.30503454               0.18422889
          0.30773041               0.18387997
          0.30820283               0.18353105
          0.30841318               0.18318214
          0.31120736               0.18283322
          0.31190208               0.18248430
          0.31665706               0.18213538
          0.31722948               0.18178646
          0.31765109               0.18143754
          0.31986593               0.18108863
          0.32513084               0.18073971
          0.32578231               0.18039079
          0.32837158               0.18004187
          0.32929163               0.17969295
          0.33041254               0.17934403
          0.33267967               0.17899512
          0.33849730               0.17864620
          0.33872417               0.17829728
          0.34118162               0.17794836
          0.34457068               0.17759944
          0.34499617               0.17725052
          0.34546230               0.17690161
          0.34975847               0.17655269
          0.35068097               0.17620377
          0.35272777               0.17585485
          0.35377019               0.17550593
          0.35850353               0.17515701
          0.36281320               0.17480809
          0.36292769               0.17445918
          0.36385848               0.17411026
          0.36449307               0.17376134
          0.36820963               0.17341242
          0.37209622               0.17306350
          0.37363294               0.17271458
          0.37429707               0.17236567
          0.37543310               0.17201675
          0.37615840               0.17166783
          0.38267230               0.17131891
          0.38387056               0.17096999
          0.38388687               0.17062107
          0.38471357               0.17027216
          0.38555571               0.16992324
          0.38821172               0.16957432
          0.38843132               0.16922540
          0.38949296               0.16887648
          0.39512252               0.16852756
          0.39646427               0.16817865
          0.40048829               0.16782973
          0.40743131               0.16748081
          0.40826595               0.16713189
          0.40875349               0.16678297
          0.41016019               0.16643405
          0.41027397               0.16608514
          0.41214248               0.16573622
          0.41626274               0.16538730
          0.41662918               0.16503838
          0.41890335               0.16468946
          0.42532425               0.16434054
          0.42639595               0.16399163
          0.42831437               0.16364271
          0.43076290               0.16329379
          0.43410551               0.16294487
          0.43470559               0.16259595
          0.43698294               0.16224703
          0.43734825               0.16189812
          0.43756323               0.16154920
          0.43950497               0.16120028
          0.43968066               0.16085136
          0.44122354               0.16050244
          0.44232273               0.16015352
          0.44319095               0.15980461
          0.44329576               0.15945569
          0.44341485               0.15910677
          0.44458218               0.15875785
          0.44560522               0.15840893
          0.44632756               0.15806001
          0.44742723               0.15771110
          0.44917981               0.15806001
          0.44958058               0.15771110
          0.45057013               0.15736218
          0.45086890               0.15701326
          0.45207176               0.15666434
          0.45446153               0.15631542
          0.45468884               0.15596650
          0.45499061               0.15561759
          0.45577505               0.15526867
          0.45887201               0.15491975
          0.45966085               0.15457083
          0.46014076               0.15422191
          0.46486447               0.15387299
          0.46496636               0.15352408
          0.46653607               0.15317516
          0.47063704               0.15282624
          0.47109080               0.15247732
          0.47253622               0.15212840
          0.47339243               0.15177948
          0.47355213               0.15143057
          0.47467753               0.15108165
          0.48099124               0.15073273
          0.48276651               0.15038381
          0.48402662               0.15003489
          0.48848019               0.14968597
          0.48938751               0.14933706
          0.49027190               0.14898814
          0.49644202               0.14863922
          0.49829971               0.14829030
          0.50064864               0.14794138
          0.50504466               0.14759246
          0.50758891               0.14724355
          0.50804815               0.14689463
          0.50957279               0.14654571
          0.51766578               0.14619679
          0.52033186               0.14584787
          0.52235871               0.14549895
          0.52380812               0.14515003
          0.52670086               0.14480112
          0.52674498               0.14445220
          0.52697934               0.14410328
          0.53235776               0.14375436
          0.53244380               0.14340544
          0.53914856               0.14305652
          0.53933328               0.14270761
          0.54122493               0.14235869
          0.54254742               0.14200977
          0.54342793               0.14166085
          0.54778458               0.14131193
          0.54814702               0.14096301
          0.54978577               0.14061410
          0.55312778               0.14026518
          0.55351427               0.13991626
          0.55727295               0.13956734
          0.55912958               0.13921842
          0.55969408               0.13886950
          0.56109386               0.13852059
          0.56904315               0.13817167
          0.56936472               0.13782275
          0.56974572               0.13747383
          0.58080886               0.13712491
          0.58323890               0.13677599
          0.58395290               0.13642708
          0.59481065               0.13607816
          0.59561697               0.13572924
          0.59585671               0.13538032
          0.59651272               0.13503140
          0.59756480               0.13468248
          0.60086190               0.13503140
          0.60377628               0.13468248
          0.60465062               0.13433357
          0.60924518               0.13398465
          0.60999999               0.13363573
          0.61307452               0.13328681
          0.62247363               0.13293789
          0.62450927               0.13258897
          0.62531562               0.13224006
          0.62544425               0.13189114
          0.62609742               0.13154222
          0.62783805               0.13119330
          0.63173892               0.13084438
          0.64658428               0.13049546
          0.64727500               0.13014655
          0.64783613               0.12979763
          0.64801121               0.12944871
          0.64970501               0.12909979
          0.65010775               0.12875087
          0.65519277               0.12840195
          0.65630652               0.12805304
          0.65793788               0.12770412
          0.66115802               0.12735520
          0.66191666               0.12700628
          0.66366476               0.12665736
          0.66577112               0.12630844
          0.67593051               0.12595953
          0.67986605               0.12561061
          0.69191244               0.12526169
          0.69624123               0.12491277
          0.69926565               0.12456385
          0.70088058               0.12421493
          0.70332869               0.12386602
          0.70837987               0.12351710
          0.71400417               0.12316818
          0.71489275               0.12281926
          0.71544532               0.12247034
          0.71718045               0.12212142
          0.71826429               0.12177251
          0.71938797               0.12142359
          0.72531853               0.12107467
          0.72769901               0.12072575
          0.73345883               0.12037683
          0.73562104               0.12002791
          0.73643231               0.11967900
          0.74051277               0.11933008
          0.74061416               0.11898116
          0.74360674               0.11863224
          0.74536644               0.11828332
          0.74890271               0.11793440
          0.75328426               0.11758548
          0.75475764               0.11723657
          0.75585276               0.11688765
          0.75814583               0.11653873
          0.76033358               0.11618981
          0.76054994               0.11584089
          0.76387438               0.11549197
          0.76470028               0.11514306
          0.76623620               0.11479414
          0.76720010               0.11444522
          0.76754506               0.11409630
          0.77430290               0.11374738
          0.77574457               0.11339846
          0.77740714               0.11304955
          0.78195704               0.11339846
          0.78852971               0.11304955
          0.79038523               0.11270063
          0.79107565               0.11235171
          0.79302838               0.11200279
          0.79554081               0.11165387
          0.80138382               0.11130495
          0.80432916               0.11095604
          0.80890164               0.11060712
          0.80969826               0.11025820
          0.82228174               0.10990928
          0.82382839               0.10956036
          0.82472602               0.10921144
          0.82514138               0.10886253
          0.82628079               0.10851361
          0.82888329               0.10816469
          0.83495051               0.10781577
          0.83824497               0.10746685
          0.84288870               0.10711793
          0.84624403               0.10676902
          0.85283896               0.10642010
          0.85294705               0.10607118
          0.85794440               0.10572226
          0.85929818               0.10537334
          0.86363930               0.10502442
          0.86394729               0.10467551
          0.86502291               0.10432659
          0.87353503               0.10397767
          0.87842122               0.10362875
          0.89325957               0.10327983
          0.89366390               0.10293091
          0.89912063               0.10258200
          0.90038062               0.10223308
          0.91379953               0.10188416
          0.91565999               0.10153524
          0.91659324               0.10118632
          0.91710085               0.10083740
          0.91734502               0.10048849
          0.92028383               0.10013957
          0.92580162               0.09979065
          0.92789007               0.09944173
          0.94227498               0.09909281
          0.94419266               0.09874389
          0.94993400               0.09839498
          0.95379074               0.09804606
          0.95551595               0.09769714
          0.95720620               0.09734822
          0.95877892               0.09699930
          0.96035440               0.09665038
          0.96379526               0.09630147
          0.96475427               0.09595255
          0.97225523               0.09560363
          0.97653593               0.09525471
          0.98453348               0.09490579
          0.98946823               0.09455687
          1.00015574               0.09420796
          1.00098901               0.09385904
          1.00361345               0.09351012
          1.00453108               0.09316120
          1.01042260               0.09281228
          1.01355060               0.09246336
          1.01664909               0.09211445
          1.02953249               0.09176553
          1.03089399               0.09141661
          1.03166593               0.09176553
          1.03600336               0.09141661
          1.03986921               0.09106769
          1.04190416               0.09071877
          1.05213769               0.09036985
          1.05974552               0.09002094
          1.07614579               0.08967202
          1.07857542               0.08932310
          1.10329763               0.08897418
          1.10639847               0.08862526
          1.10670945               0.08827634
          1.11191928               0.08792742
          1.11238381               0.08757851
          1.11790205               0.08722959
          1.12293982               0.08688067
          1.12710372               0.08653175
          1.12994059               0.08618283
          1.13293455               0.08583391
          1.14205011               0.08548500
          1.14212207               0.08513608
          1.14224287               0.08478716
          1.14447066               0.08443824
          1.14515818               0.08408932
          1.15799804               0.08374040
          1.16020909               0.08339149
          1.16390345               0.08304257
          1.16391961               0.08269365
          1.16495986               0.08234473
          1.16849224               0.08199581
          1.17732659               0.08164689
          1.18243453               0.08129798
          1.18418604               0.08094906
          1.19016504               0.08060014
          1.19394665               0.08025122
          1.19755701               0.07990230
          1.19953517               0.07955338
          1.20723049               0.07920447
          1.21174060               0.07885555
          1.21726169               0.07850663
          1.21892088               0.07815771
          1.22170066               0.07780879
          1.22276467               0.07745987
          1.22693255               0.07711096
          1.22904073               0.07676204
          1.23333569               0.07641312
          1.24016196               0.07606420
          1.24177720               0.07571528
          1.24926960               0.07536636
          1.25036832               0.07501745
          1.25126680               0.07466853
          1.25585243               0.07431961
          1.26438655               0.07397069
          1.26819882               0.07362177
          1.28951079               0.07327285
          1.29309395               0.07292394
          1.29515542               0.07257502
          1.29521997               0.07222610
          1.30250468               0.07187718
          1.30425247               0.07152826
          1.30650899               0.07117934
          1.30695004               0.07083043
          1.31254473               0.07048151
          1.31875193               0.07013259
          1.32590549               0.06978367
          1.33175409               0.06943475
          1.33249088               0.06908583
          1.33524898               0.06873692
          1.33693871               0.06838800
          1.34035740               0.06803908
          1.34343083               0.06769016
          1.34677935               0.06734124
          1.34700116               0.06699232
          1.36476451               0.06664341
          1.36720278               0.06629449
          1.36947290               0.06594557
          1.36950587               0.06559665
          1.38493459               0.06524773
          1.40051267               0.06489881
          1.40267550               0.06454990
          1.40788535               0.06420098
          1.41739609               0.06385206
          1.42213759               0.06350314
          1.42286599               0.06315422
          1.43130824               0.06280530
          1.43142490               0.06245639
          1.44036989               0.06210747
          1.44815927               0.06175855
          1.47057325               0.06140963
          1.48352945               0.06106071
          1.48545669               0.06071179
          1.48740270               0.06036288
          1.48890173               0.06001396
          1.49122236               0.05966504
          1.49177892               0.06001396
          1.50399416               0.05966504
          1.51586319               0.05931612
          1.52056410               0.05896720
          1.52191456               0.05861828
          1.53361905               0.05826936
          1.53927929               0.05792045
          1.54244035               0.05757153
          1.54475897               0.05722261
          1.55297065               0.05687369
          1.55815098               0.05652477
          1.55857836               0.05617585
          1.55920830               0.05582694
          1.56179472               0.05547802
          1.56266768               0.05512910
          1.56625133               0.05478018
          1.57375508               0.05443126
          1.57793988               0.05408234
          1.59036950               0.05373343
          1.59168147               0.05338451
          1.61109059               0.05303559
          1.61449096               0.05268667
          1.62393085               0.05233775
          1.62847034               0.05198883
          1.64578176               0.05163992
          1.65164670               0.05129100
          1.65225934               0.05094208
          1.65541618               0.05059316
          1.65836741               0.05024424
          1.66716027               0.04989532
          1.67207901               0.04954641
          1.67841672               0.04919749
          1.68414538               0.04884857
          1.69283032               0.04849965
          1.70057902               0.04815073
          1.71178646               0.04780181
          1.71452050               0.04745290
          1.74964274               0.04710398
          1.75102199               0.04675506
          1.75342450               0.04710398
          1.75572114               0.04675506
          1.75841422               0.04640614
          1.76075515               0.04605722
          1.77321669               0.04570830
          1.79935747               0.04535939
          1.81911347               0.04501047
          1.82292808               0.04466155
          1.82468224               0.04431263
          1.84639405               0.04396371
          1.85612511               0.04361479
          1.85685473               0.04326588
          1.85925561               0.04291696
          1.86541006               0.04256804
          1.86683186               0.04221912
          1.87238798               0.04187020
          1.87704316               0.04152128
          1.88140964               0.04117237
          1.88798397               0.04082345
          1.88983411               0.04047453
          1.91133384               0.04012561
          1.91173843               0.03977669
          1.91201158               0.03942777
          1.92021863               0.03907886
          1.92099986               0.03872994
          1.92665191               0.03838102
          1.93362366               0.03803210
          1.95057294               0.03768318
          1.96095222               0.03733426
          1.96105129               0.03768318
          1.96258890               0.03733426
          1.97200850               0.03698535
          1.97247400               0.03663643
          1.98311849               0.03698535
          1.99350892               0.03733426
          2.01346247               0.03698535
          2.02913659               0.03663643
          2.03240697               0.03628751
          2.03295557               0.03593859
          2.06668664               0.03558967
          2.06791826               0.03524075
          2.07130900               0.03489184
          2.08776849               0.03454292
          2.09660952               0.03419400
          2.09964651               0.03384508
          2.10492741               0.03349616
          2.11769990               0.03314724
          2.11955303               0.03279833
          2.14311410               0.03244941
          2.14330961               0.03210049
          2.14596995               0.03175157
          2.16231222               0.03140265
          2.16573860               0.03105373
          2.17840169               0.03070482
          2.20571444               0.03035590
          2.21974042               0.03000698
          2.22252542               0.02965806
          2.22983791               0.02930914
          2.23672063               0.02896022
          2.23800520               0.02861130
          2.24714588               0.02826239
          2.25497148               0.02791347
          2.26432817               0.02756455
          2.27605414               0.02721563
          2.28310603               0.02686671
          2.29844844               0.02651779
          2.33297997               0.02616888
          2.38882061               0.02581996
          2.39485061               0.02547104
          2.40934883               0.02512212
          2.41046469               0.02477320
          2.47412075               0.02442428
          2.49978922               0.02407537
          2.50774888               0.02372645
          2.50930562               0.02337753
          2.52772431               0.02302861
          2.53849199               0.02267969
          2.54456005               0.02233077
          2.55941824               0.02198186
          2.56647257               0.02163294
          2.57515181               0.02128402
          2.57808750               0.02093510
          2.58959797               0.02058618
          2.59554537               0.02023726
          2.63020782               0.01988835
          2.63129093               0.02023726
          2.66442879               0.01988835
          2.67774077               0.01953943
          2.69007468               0.01919051
          2.70090332               0.01884159
          2.71159606               0.01849267
          2.76621362               0.01814375
          2.78434773               0.01779484
          2.78708490               0.01744592
          2.79193278               0.01709700
          2.79274328               0.01674808
          2.84679004               0.01639916
          2.86030233               0.01605024
          2.87392009               0.01570133
          2.87399508               0.01535241
          2.88074860               0.01500349
          2.89663067               0.01465457
          2.96519661               0.01430565
          2.97111903               0.01395673
          2.97622743               0.01430565
          3.02597477               0.01395673
          3.03270763               0.01360782
          3.03983579               0.01325890
          3.10266084               0.01290998
          3.11599948               0.01256106
          3.13865487               0.01221214
          3.15457576               0.01186322
          3.15702391               0.01151431
          3.16029574               0.01116539
          3.17038769               0.01081647
          3.18393825               0.01046755
          3.21727339               0.01011863
          3.23158933               0.00976971
          3.24423970               0.00942080
          3.24450633               0.00907188
          3.24921605               0.00872296
          3.29382809               0.00837404
          3.30956275               0.00802512
          3.31675977               0.00767620
          3.36674408               0.00732729
          3.38152630               0.00697837
          3.42485654               0.00662945
          3.43031575               0.00628053
          3.46229907               0.00593161
          3.47093318               0.00558269
          3.55905315               0.00523378
          3.59547710               0.00488486
          3.64354701               0.00453594
          3.68765662               0.00418702
          3.70733708               0.00383810
          4.00202136               0.00348918
          4.18075537               0.00314027
          4.37230354               0.00279135
          4.52994824               0.00244243
          4.54385960               0.00209351
          4.68738406               0.00174459
          4.90647337               0.00139567
          5.81220748               0.00104676
          6.55700085               0.00069784
          6.94089815               0.00034892
          7.48502853               0.00000000
