    0.489881
    0.489881
    0.489881
    0.489881
    0.441731
    0.489881
    0.499651
    0.441731
    0.489881
    0.441731
    0.499651
    0.489881
    0.489881
    0.489881
    0.441731
    0.489881
    0.489881
    0.441731
    0.489881
    0.499651
    0.441731
    0.441731
    0.489881
    0.489881
    0.441731
    0.499651
    0.489881
    0.499651
    0.489881
    0.489881
    0.489881
    0.489881
    0.489881
    0.489881
    0.441731
    0.489881
    0.499651
    0.489881
    0.489881
    0.489881
    0.489881
    0.499651
    0.489881
    0.489881
    0.499651
    0.499651
    0.441731
    0.489881
    0.489881
    0.441731
    0.499651
    0.499651
    0.441731
    0.489881
    0.489881
    0.489881
    0.499651
    0.489881
    0.489881
    0.489881
    0.489881
    0.489881
    0.489881
    0.489881
    0.489881
    0.489881
    0.489881
    0.489881
    0.489881
    0.489881
    0.489881
    0.489881
    0.489881
    0.489881
    0.489881
    0.489881
    0.489881
    0.489881
    0.489881
    0.489881
    0.489881
    0.500349
    0.500349
    0.500349
    0.500349
    0.500349
    0.500349
    0.500349
    0.500349
    0.500349
    0.500349
    0.489881
    0.489881
    0.452198
    0.500349
    0.489881
    0.489881
    0.489881
    0.489881
    0.441731
