    0.492673
    0.492673
    0.492673
    0.492673
    0.492673
    0.492673
    0.492673
    0.492673
    0.492673
    0.492673
    0.492673
    0.492673
    0.492673
    0.492673
    0.492673
    0.492673
    0.492673
    0.492673
    0.492673
    0.492673
    0.492673
    0.492673
    0.492673
    0.492673
    0.492673
    0.492673
    0.492673
    0.492673
    0.492673
    0.492673
    0.492673
    0.492673
    0.492673
    0.492673
    0.492673
    0.492673
    0.492673
    0.492673
    0.492673
    0.492673
    0.492673
    0.492673
    0.492673
    0.492673
    0.492673
    0.492673
    0.492673
    0.492673
    0.492673
    0.492673
    0.492673
    0.492673
    0.492673
    0.492673
    0.492673
    0.494068
    0.494068
    0.494068
    0.492673
    0.494068
    0.494068
    0.492673
    0.492673
    0.492673
    0.492673
    0.492673
    0.492673
    0.492673
    0.492673
    0.492673
    0.492673
    0.492673
    0.492673
    0.492673
    0.492673
    0.492673
    0.492673
    0.494068
    0.494068
    0.494068
    0.494068
    0.494068
    0.494068
    0.494068
    0.494068
    0.494068
    0.494068
    0.494068
    0.494068
    0.494068
    0.494068
    0.494068
    0.494068
    0.494068
    0.494068
    0.494068
    0.494068
    0.494068
    0.494068
    0.494068
