    0.561759
    0.561759
    0.561759
    0.561759
    0.561759
    0.561759
    0.561759
    0.561759
    0.561759
    0.561759
    0.561759
    0.561759
    0.561759
    0.561759
    0.561759
    0.561759
    0.561759
    0.561759
    0.561759
    0.561759
    0.561759
    0.561759
    0.561759
    0.561759
    0.561759
    0.561759
    0.561759
    0.561759
    0.561759
    0.561759
    0.561759
    0.561759
    0.561759
    0.561759
    0.561759
    0.561759
    0.561759
    0.561759
    0.561759
    0.532449
    0.532449
    0.532449
    0.532449
    0.532449
    0.532449
    0.532449
    0.532449
    0.532449
    0.532449
    0.532449
    0.532449
    0.532449
    0.532449
    0.532449
    0.532449
    0.532449
    0.532449
    0.532449
    0.532449
    0.532449
    0.532449
    0.532449
    0.532449
    0.532449
    0.532449
    0.532449
    0.532449
    0.532449
    0.532449
    0.532449
    0.532449
    0.532449
    0.532449
    0.532449
    0.532449
    0.532449
    0.532449
    0.532449
    0.532449
    0.532449
    0.532449
    0.532449
    0.532449
    0.532449
    0.532449
    0.532449
    0.532449
    0.532449
    0.532449
    0.532449
    0.532449
    0.532449
    0.532449
    0.532449
    0.532449
    0.532449
    0.532449
    0.532449
    0.532449
    0.532449
