    0.675855
    0.675855
    0.675855
    0.675855
    0.675855
    0.675855
    0.740754
    0.675855
    0.675855
    0.675855
    0.675855
    0.740754
    0.675855
    0.675855
    0.675855
    0.675855
    0.675855
    0.675855
    0.675855
    0.675855
    0.675855
    0.675855
    0.675855
    0.740754
    0.675855
    0.675855
    0.675855
    0.675855
    0.675855
    0.675855
    0.675855
    0.675855
    0.675855
    0.675855
    0.675855
    0.675855
    0.675855
    0.675855
    0.675855
    0.675855
    0.675855
    0.675855
    0.675855
    0.675855
    0.675855
    0.740754
    0.675855
    0.675855
    0.675855
    0.675855
    0.675855
    0.740754
    0.647941
    0.740754
    0.647941
    0.647941
    0.647941
    0.647941
    0.647941
    0.647941
    0.647941
    0.647941
    0.647941
    0.647941
    0.647941
    0.647941
    0.647941
    0.647941
    0.675855
    0.675855
    0.675855
    0.675855
    0.675855
    0.675855
    0.675855
    0.675855
    0.675855
    0.675855
    0.740754
    0.675855
    0.675855
    0.675855
    0.740754
    0.675855
    0.675855
    0.675855
    0.647941
    0.647941
    0.647941
    0.647941
    0.647941
    0.647941
    0.740754
    0.647941
    0.647941
    0.740754
    0.647941
    0.647941
    0.647941
    0.647941
