    0.497558
    0.497558
    0.497558
    0.497558
    0.497558
    0.497558
    0.497558
    0.497558
    0.511514
    0.511514
    0.511514
    0.511514
    0.511514
    0.511514
    0.511514
    0.511514
    0.511514
    0.511514
    0.511514
    0.511514
    0.511514
    0.511514
    0.511514
    0.511514
    0.511514
    0.511514
    0.511514
    0.511514
    0.511514
    0.511514
    0.511514
    0.511514
    0.511514
    0.511514
    0.511514
    0.511514
    0.511514
    0.511514
    0.511514
    0.511514
    0.511514
    0.511514
    0.511514
    0.511514
    0.511514
    0.511514
    0.511514
    0.511514
    0.511514
    0.511514
    0.511514
    0.511514
    0.511514
    0.511514
    0.511514
    0.511514
    0.511514
    0.511514
    0.511514
    0.511514
    0.511514
    0.511514
    0.511514
    0.511514
    0.511514
    0.511514
    0.511514
    0.511514
    0.511514
    0.511514
    0.511514
    0.511514
    0.511514
    0.511514
    0.511514
    0.511514
    0.511514
    0.511514
    0.511514
    0.511514
    0.511514
    0.511514
    0.511514
    0.511514
    0.511514
    0.511514
    0.511514
    0.511514
    0.511514
    0.511514
    0.511514
    0.511514
    0.511514
    0.511514
    0.511514
    0.511514
    0.511514
    0.511514
    0.511514
    0.511514
