    0.752617
    0.752617
    0.752617
    0.752617
    0.752617
    0.752617
    0.752617
    0.752617
    0.752617
    0.752617
    0.846825
    0.752617
    0.752617
    0.752617
    0.752617
    0.752617
    0.752617
    0.752617
    0.752617
    0.752617
    0.846825
    0.752617
    0.752617
    0.752617
    0.752617
    0.752617
    0.752617
    0.752617
    0.752617
    0.752617
    0.752617
    0.846825
    0.752617
    0.752617
    0.752617
    0.752617
    0.752617
    0.752617
    0.752617
    0.846825
    0.752617
    0.752617
    0.752617
    0.752617
    0.752617
    0.752617
    0.752617
    0.752617
    0.752617
    0.752617
    0.752617
    0.752617
    0.752617
    0.752617
    0.752617
    0.752617
    0.752617
    0.752617
    0.752617
    0.752617
    0.752617
    0.752617
    0.752617
    0.752617
    0.752617
    0.752617
    0.752617
    0.752617
    0.752617
    0.752617
    0.752617
    0.752617
    0.752617
    0.752617
    0.752617
    0.752617
    0.752617
    0.752617
    0.752617
    0.752617
    0.752617
    0.752617
    0.752617
    0.752617
    0.752617
    0.846825
    0.752617
    0.752617
    0.846825
    0.752617
    0.752617
    0.752617
    0.752617
    0.754013
    0.754013
    0.754013
    0.754013
    0.754013
    0.754013
    0.754013
