    0.505234
    0.505234
    0.505234
    0.505234
    0.505234
    0.505234
    0.505234
    0.505234
    0.505234
    0.505234
    0.505234
    0.505234
    0.505234
    0.505234
    0.505234
    0.505234
    0.505234
    0.505234
    0.505234
    0.505234
    0.505234
    0.505234
    0.505234
    0.505234
    0.505234
    0.505234
    0.505234
    0.505234
    0.505234
    0.505234
    0.505234
    0.505234
    0.505234
    0.505234
    0.505234
    0.505234
    0.505234
    0.505234
    0.505234
    0.505234
    0.505234
    0.505234
    0.505234
    0.505234
    0.505234
    0.505234
    0.505234
    0.505234
    0.505234
    0.505234
    0.505234
    0.505234
    0.505234
    0.505234
    0.505234
    0.505234
    0.505234
    0.505234
    0.505234
    0.505234
    0.505234
    0.505234
    0.505234
    0.505234
    0.505234
    0.505234
    0.505234
    0.505234
    0.505234
    0.505234
    0.505234
    0.505234
    0.505234
    0.505234
    0.505234
    0.505234
    0.505234
    0.505234
    0.505234
    0.505234
    0.505234
    0.505234
    0.505234
    0.505234
    0.505234
    0.505234
    0.505234
    0.505234
    0.505234
    0.505234
    0.505234
    0.497558
    0.505234
    0.505234
    0.505234
    0.505234
    0.505234
    0.505234
    0.505234
    0.505234
