    0.165038
    0.165038
    0.165038
    0.165038
    0.165038
    0.165038
    0.165038
    0.165038
    0.165038
    0.165038
    0.165038
    0.165038
    0.165038
    0.165038
    0.165038
    0.174110
    0.165038
    0.165038
    0.165038
    0.174110
    0.165038
    0.165038
    0.165038
    0.165038
    0.165038
    0.165038
    0.165038
    0.174110
    0.174110
    0.165038
    0.174110
    0.165038
    0.174110
    0.174110
    0.174110
    0.165038
    0.165038
    0.165038
    0.165038
    0.165038
    0.165038
    0.165038
    0.165038
    0.174110
    0.174110
    0.174110
    0.174110
    0.165038
    0.174110
    0.172017
    0.172017
    0.172017
    0.172017
    0.172017
    0.172017
    0.172017
    0.176902
    0.176902
    0.176902
    0.174110
    0.174110
    0.174110
    0.174110
    0.176902
    0.174110
    0.174110
    0.165038
    0.165038
    0.174110
    0.174110
    0.165038
    0.165038
    0.174110
    0.174110
    0.174110
    0.165038
    0.174110
    0.165038
    0.165038
    0.165038
    0.165038
    0.165038
    0.172017
    0.172017
    0.176902
    0.176902
    0.172017
    0.172017
    0.172017
    0.172017
    0.172017
    0.172017
    0.172017
    0.172017
    0.172017
    0.172017
    0.176902
    0.176902
    0.176902
    0.176902
