    0.577809
    0.577809
    0.598046
    0.598046
    0.598046
    0.577809
    0.598046
    0.577809
    0.598046
    0.577809
    0.598046
    0.577809
    0.577809
    0.598046
    0.577809
    0.598046
    0.577809
    0.577809
    0.598046
    0.598046
    0.598046
    0.598046
    0.577809
    0.577809
    0.598046
    0.598046
    0.577809
    0.577809
    0.577809
    0.598046
    0.577809
    0.577809
    0.598046
    0.577809
    0.577809
    0.577809
    0.598046
    0.577809
    0.598046
    0.577809
    0.598046
    0.598046
    0.577809
    0.598046
    0.577809
    0.577809
    0.577809
    0.577809
    0.577809
    0.577809
    0.577809
    0.598046
    0.598046
    0.598046
    0.598046
    0.598046
    0.598046
    0.598046
    0.598046
    0.598046
    0.598046
    0.598046
    0.598046
    0.577809
    0.598046
    0.598046
    0.598046
    0.598046
    0.577809
    0.577809
    0.577809
    0.577809
    0.598046
    0.598046
    0.598046
    0.577809
    0.577809
    0.577809
    0.598046
    0.598046
    0.598046
    0.598046
    0.598046
    0.598046
    0.598046
    0.577809
    0.577809
    0.598046
    0.598046
    0.598046
    0.598046
    0.598046
    0.598046
    0.598046
    0.598046
    0.577809
    0.577809
    0.577809
    0.598046
    0.577809
