    0.197139
    0.227146
    0.197139
    0.227146
    0.197139
    0.227146
    0.197139
    0.197139
    0.197139
    0.197139
    0.197139
    0.197139
    0.197139
    0.227146
    0.227146
    0.227146
    0.197139
    0.227146
    0.197139
    0.197139
    0.197139
    0.197139
    0.197139
    0.197139
    0.197139
    0.197139
    0.197139
    0.197139
    0.197139
    0.227146
    0.227146
    0.197139
    0.227146
    0.197139
    0.197139
    0.227146
    0.197139
    0.197139
    0.197139
    0.197139
    0.197139
    0.197139
    0.197139
    0.227146
    0.227146
    0.227146
    0.227146
    0.197139
    0.227146
    0.206211
    0.231333
    0.231333
    0.206211
    0.206211
    0.206211
    0.206211
    0.206211
    0.206211
    0.206211
    0.206211
    0.206211
    0.206211
    0.206211
    0.206211
    0.206211
    0.206211
    0.206211
    0.206211
    0.231333
    0.231333
    0.231333
    0.206211
    0.206211
    0.206211
    0.206211
    0.206211
    0.231333
    0.197139
    0.227146
    0.227146
    0.197139
    0.197139
    0.197139
    0.197139
    0.227146
    0.197139
    0.197139
    0.206211
    0.206211
    0.206211
    0.206211
    0.206211
    0.206211
    0.206211
    0.206211
    0.206211
    0.206211
    0.206211
    0.231333
    0.231333
