    0.837055
    0.837055
    0.735869
    0.735869
    0.837055
    0.837055
    0.735869
    0.735869
    0.837055
    0.837055
    0.837055
    0.837055
    0.735869
    0.837055
    0.735869
    0.735869
    0.735869
    0.837055
    0.837055
    0.743545
    0.843336
    0.843336
    0.843336
    0.843336
    0.843336
    0.843336
    0.743545
    0.843336
    0.843336
    0.843336
    0.743545
    0.843336
    0.743545
    0.743545
    0.843336
    0.743545
    0.743545
    0.843336
    0.743545
    0.743545
    0.837055
    0.843336
    0.735869
    0.735869
    0.735869
    0.735869
    0.743545
    0.843336
    0.843336
    0.743545
    0.743545
    0.843336
    0.743545
    0.743545
    0.743545
    0.743545
    0.743545
    0.743545
    0.743545
    0.743545
    0.843336
    0.843336
    0.843336
    0.743545
    0.743545
    0.743545
    0.843336
    0.743545
    0.843336
    0.743545
    0.743545
    0.743545
    0.843336
    0.843336
    0.743545
    0.843336
    0.843336
    0.743545
    0.743545
    0.743545
    0.743545
    0.843336
    0.843336
    0.743545
    0.743545
    0.843336
    0.743545
    0.743545
    0.843336
    0.843336
    0.843336
    0.843336
    0.843336
    0.843336
    0.843336
    0.843336
    0.843336
    0.743545
    0.843336
    0.743545
