    0.162247
    0.162247
    0.169923
    0.162247
    0.162247
    0.169923
    0.162247
    0.162247
    0.162247
    0.162247
    0.162247
    0.162247
    0.162247
    0.169923
    0.162247
    0.162247
    0.169923
    0.169923
    0.169923
    0.169923
    0.162247
    0.169923
    0.169923
    0.169923
    0.169923
    0.169923
    0.162247
    0.162247
    0.162247
    0.162247
    0.162247
    0.159456
    0.159456
    0.159456
    0.164341
    0.164341
    0.164341
    0.164341
    0.164341
    0.159456
    0.159456
    0.159456
    0.159456
    0.159456
    0.159456
    0.159456
    0.159456
    0.159456
    0.159456
    0.159456
    0.159456
    0.159456
    0.159456
    0.159456
    0.159456
    0.159456
    0.164341
    0.169923
    0.159456
    0.159456
    0.164341
    0.169923
    0.169923
    0.162247
    0.169923
    0.159456
    0.159456
    0.159456
    0.164341
    0.164341
    0.164341
    0.159456
    0.159456
    0.159456
    0.159456
    0.164341
    0.164341
    0.164341
    0.164341
    0.164341
    0.159456
    0.159456
    0.159456
    0.164341
    0.159456
    0.164341
    0.164341
    0.164341
    0.164341
    0.164341
    0.159456
    0.159456
    0.164341
    0.164341
    0.164341
    0.164341
    0.159456
    0.164341
    0.164341
    0.159456
