    0.541521
    0.541521
    0.541521
    0.541521
    0.541521
    0.541521
    0.541521
    0.541521
    0.541521
    0.541521
    0.541521
    0.541521
    0.541521
    0.541521
    0.541521
    0.541521
    0.541521
    0.541521
    0.541521
    0.541521
    0.541521
    0.541521
    0.517097
    0.517097
    0.517097
    0.517097
    0.517097
    0.517097
    0.517097
    0.517097
    0.517097
    0.517097
    0.517097
    0.541521
    0.541521
    0.533845
    0.533845
    0.533845
    0.533845
    0.533845
    0.533845
    0.533845
    0.533845
    0.533845
    0.533845
    0.533845
    0.533845
    0.533845
    0.533845
    0.533845
    0.533845
    0.533845
    0.533845
    0.533845
    0.533845
    0.533845
    0.533845
    0.533845
    0.533845
    0.533845
    0.533845
    0.533845
    0.533845
    0.533845
    0.533845
    0.533845
    0.533845
    0.533845
    0.533845
    0.533845
    0.533845
    0.533845
    0.533845
    0.533845
    0.533845
    0.533845
    0.533845
    0.533845
    0.533845
    0.533845
    0.533845
    0.533845
    0.533845
    0.533845
    0.533845
    0.533845
    0.533845
    0.533845
    0.533845
    0.533845
    0.533845
    0.533845
    0.533845
    0.533845
    0.533845
    0.533845
    0.533845
    0.533845
    0.533845
    0.533845
