    0.478716
    0.547802
    0.547802
    0.547802
    0.478716
    0.478716
    0.547802
    0.547802
    0.478716
    0.478716
    0.478716
    0.478716
    0.547802
    0.478716
    0.478716
    0.478716
    0.478716
    0.547802
    0.547802
    0.547802
    0.547802
    0.478716
    0.478716
    0.478716
    0.478716
    0.478716
    0.478716
    0.478716
    0.478716
    0.478716
    0.547802
    0.547802
    0.478716
    0.478716
    0.478716
    0.478716
    0.547802
    0.547802
    0.547802
    0.547802
    0.547802
    0.478716
    0.478716
    0.478716
    0.547802
    0.478716
    0.547802
    0.547802
    0.547802
    0.478716
    0.478716
    0.547802
    0.478716
    0.478716
    0.547802
    0.478716
    0.547802
    0.547802
    0.547802
    0.547802
    0.478716
    0.547802
    0.547802
    0.478716
    0.478716
    0.478716
    0.478716
    0.478716
    0.478716
    0.478716
    0.478716
    0.547802
    0.547802
    0.547802
    0.547802
    0.547802
    0.478716
    0.478716
    0.478716
    0.478716
    0.547802
    0.547802
    0.478716
    0.478716
    0.547802
    0.547802
    0.547802
    0.547802
    0.478716
    0.478716
    0.547802
    0.478716
    0.478716
    0.547802
    0.478716
    0.478716
    0.478716
    0.478716
    0.478716
    0.478716
