    0.568737
    0.530356
    0.568737
    0.524075
    0.530356
    0.530356
    0.568737
    0.568737
    0.530356
    0.530356
    0.568737
    0.530356
    0.568737
    0.530356
    0.568737
    0.530356
    0.568737
    0.530356
    0.530356
    0.530356
    0.530356
    0.530356
    0.568737
    0.568737
    0.568737
    0.568737
    0.571528
    0.571528
    0.571528
    0.571528
    0.571528
    0.571528
    0.571528
    0.571528
    0.571528
    0.571528
    0.524075
    0.571528
    0.524075
    0.571528
    0.524075
    0.524075
    0.524075
    0.571528
    0.571528
    0.571528
    0.571528
    0.571528
    0.524075
    0.524075
    0.524075
    0.524075
    0.524075
    0.524075
    0.524075
    0.524075
    0.571528
    0.571528
    0.571528
    0.571528
    0.571528
    0.571528
    0.571528
    0.571528
    0.571528
    0.571528
    0.571528
    0.571528
    0.524075
    0.524075
    0.524075
    0.571528
    0.571528
    0.524075
    0.571528
    0.524075
    0.524075
    0.524075
    0.571528
    0.571528
    0.571528
    0.571528
    0.571528
    0.571528
    0.571528
    0.571528
    0.571528
    0.571528
    0.571528
    0.579204
    0.579204
    0.579204
    0.579204
    0.579204
    0.579204
    0.579204
    0.579204
    0.579204
    0.515003
    0.579204
