    0.565248
    0.565248
    0.595953
    0.595953
    0.595953
    0.565248
    0.565248
    0.565248
    0.565248
    0.565248
    0.565248
    0.565248
    0.565248
    0.565248
    0.565248
    0.565248
    0.565248
    0.565248
    0.565248
    0.565248
    0.595953
    0.595953
    0.565248
    0.565248
    0.595953
    0.565248
    0.565248
    0.565248
    0.565248
    0.565248
    0.565248
    0.595953
    0.595953
    0.595953
    0.595953
    0.595953
    0.595953
    0.595953
    0.595953
    0.565248
    0.595953
    0.595953
    0.565248
    0.565248
    0.565248
    0.565248
    0.595953
    0.565248
    0.565248
    0.595953
    0.595953
    0.595953
    0.593859
    0.595953
    0.593859
    0.593859
    0.595953
    0.595953
    0.565248
    0.595953
    0.565248
    0.595953
    0.595953
    0.595953
    0.595953
    0.595953
    0.565248
    0.595953
    0.595953
    0.595953
    0.595953
    0.595953
    0.568737
    0.593859
    0.568737
    0.568737
    0.568737
    0.568737
    0.593859
    0.593859
    0.593859
    0.593859
    0.593859
    0.593859
    0.568737
    0.568737
    0.593859
    0.593859
    0.568737
    0.568737
    0.593859
    0.568737
    0.568737
    0.568737
    0.593859
    0.593859
    0.593859
    0.568737
    0.568737
    0.568737
