    0.595255
    0.595255
    0.595255
    0.595255
    0.595255
    0.574320
    0.595255
    0.595255
    0.595255
    0.595255
    0.595255
    0.574320
    0.574320
    0.574320
    0.595255
    0.595255
    0.595255
    0.595255
    0.595255
    0.574320
    0.574320
    0.595255
    0.595255
    0.574320
    0.595255
    0.574320
    0.574320
    0.574320
    0.574320
    0.595255
    0.595255
    0.595255
    0.595255
    0.595255
    0.595255
    0.595255
    0.595255
    0.595255
    0.595255
    0.595255
    0.595255
    0.595255
    0.595255
    0.574320
    0.595255
    0.574320
    0.574320
    0.574320
    0.574320
    0.595255
    0.595255
    0.574320
    0.595255
    0.574320
    0.574320
    0.595255
    0.574320
    0.595255
    0.574320
    0.595255
    0.574320
    0.574320
    0.574320
    0.574320
    0.574320
    0.574320
    0.595255
    0.595255
    0.595255
    0.595255
    0.595255
    0.595255
    0.595255
    0.595255
    0.595255
    0.595255
    0.595255
    0.595255
    0.595255
    0.595255
    0.595255
    0.595255
    0.595255
    0.595255
    0.574320
    0.595255
    0.574320
    0.595255
    0.595255
    0.574320
    0.574320
    0.574320
    0.574320
    0.574320
    0.574320
    0.574320
    0.595255
    0.574320
    0.595255
    0.595255
