    0.002791
    0.002791
    0.002791
    0.002791
    0.002791
    0.002791
    0.002791
    0.002791
    0.002791
    0.002791
    0.002791
    0.002791
    0.002791
    0.002791
    0.002791
    0.002791
    0.002791
    0.004187
    0.004187
    0.004187
    0.004187
    0.004187
    0.004187
    0.004187
    0.004187
    0.004187
    0.004187
    0.004187
    0.004187
    0.004187
    0.004187
    0.004187
    0.004187
    0.004187
    0.004187
    0.004187
    0.004187
    0.004187
    0.004187
    0.004187
    0.004187
    0.004187
    0.004187
    0.004187
    0.004187
    0.004187
    0.004187
    0.004187
    0.004187
    0.004187
    0.004187
    0.004187
    0.004187
    0.004187
    0.004187
    0.002791
    0.002791
    0.002791
    0.002791
    0.002791
    0.004187
    0.002791
    0.002791
    0.004187
    0.004187
    0.002791
    0.002791
    0.002791
    0.002791
    0.002791
    0.002791
    0.002791
    0.002791
    0.002791
    0.002791
    0.002791
    0.002791
    0.002791
    0.002791
    0.002791
    0.002791
    0.002791
    0.002791
    0.002791
    0.002791
    0.002791
    0.002791
    0.002791
    0.002791
    0.002791
    0.002791
    0.002791
    0.002791
    0.002791
    0.002791
    0.004187
    0.004187
    0.004187
    0.004187
    0.004187
