    0.513608
    0.513608
    0.513608
    0.513608
    0.513608
    0.513608
    0.513608
    0.513608
    0.513608
    0.513608
    0.513608
    0.513608
    0.513608
    0.513608
    0.513608
    0.513608
    0.513608
    0.513608
    0.513608
    0.513608
    0.513608
    0.513608
    0.513608
    0.513608
    0.513608
    0.513608
    0.513608
    0.513608
    0.513608
    0.513608
    0.513608
    0.513608
    0.513608
    0.513608
    0.513608
    0.513608
    0.513608
    0.513608
    0.513608
    0.513608
    0.513608
    0.513608
    0.513608
    0.513608
    0.513608
    0.513608
    0.513608
    0.513608
    0.513608
    0.513608
    0.513608
    0.513608
    0.513608
    0.513608
    0.513608
    0.598046
    0.598046
    0.598046
    0.598046
    0.513608
    0.513608
    0.513608
    0.513608
    0.513608
    0.513608
    0.513608
    0.513608
    0.513608
    0.513608
    0.513608
    0.513608
    0.513608
    0.513608
    0.513608
    0.513608
    0.513608
    0.513608
    0.513608
    0.513608
    0.513608
    0.513608
    0.513608
    0.513608
    0.513608
    0.513608
    0.598046
    0.598046
    0.598046
    0.598046
    0.598046
    0.598046
    0.598046
    0.598046
    0.598046
    0.598046
    0.598046
    0.598046
    0.598046
    0.598046
    0.598046
