    0.933008
    0.636427
    0.636427
    0.636427
    0.636427
    0.636427
    0.636427
    0.636427
    0.636427
    0.636427
    0.636427
    0.636427
    0.636427
    0.636427
    0.636427
    0.636427
    0.636427
    0.636427
    0.636427
    0.636427
    0.636427
    0.636427
    0.636427
    0.636427
    0.636427
    0.636427
    0.636427
    0.636427
    0.636427
    0.636427
    0.636427
    0.636427
    0.636427
    0.636427
    0.636427
    0.636427
    0.636427
    0.636427
    0.636427
    0.636427
    0.636427
    0.636427
    0.636427
    0.636427
    0.636427
    0.636427
    0.636427
    0.636427
    0.636427
    0.636427
    0.636427
    0.636427
    0.636427
    0.636427
    0.636427
    0.636427
    0.636427
    0.636427
    0.636427
    0.636427
    0.636427
    0.636427
    0.636427
    0.636427
    0.636427
    0.636427
    0.636427
    0.636427
    0.636427
    0.636427
    0.636427
    0.636427
    0.636427
    0.636427
    0.636427
    0.636427
    0.636427
    0.636427
    0.636427
    0.636427
    0.636427
    0.636427
    0.636427
    0.636427
    0.636427
    0.636427
    0.636427
    0.636427
    0.636427
    0.636427
    0.636427
    0.636427
    0.636427
    0.636427
    0.636427
    0.636427
    0.636427
    0.636427
    0.636427
    0.636427
