    0.576413
    0.576413
    0.576413
    0.576413
    0.576413
    0.576413
    0.576413
    0.576413
    0.595953
    0.576413
    0.576413
    0.576413
    0.576413
    0.576413
    0.576413
    0.576413
    0.576413
    0.576413
    0.576413
    0.576413
    0.576413
    0.576413
    0.576413
    0.576413
    0.576413
    0.576413
    0.576413
    0.576413
    0.576413
    0.576413
    0.576413
    0.576413
    0.576413
    0.576413
    0.576413
    0.576413
    0.576413
    0.576413
    0.576413
    0.576413
    0.576413
    0.576413
    0.576413
    0.576413
    0.576413
    0.576413
    0.576413
    0.576413
    0.576413
    0.595953
    0.576413
    0.576413
    0.576413
    0.576413
    0.576413
    0.576413
    0.576413
    0.576413
    0.576413
    0.576413
    0.576413
    0.576413
    0.576413
    0.576413
    0.576413
    0.576413
    0.576413
    0.576413
    0.576413
    0.576413
    0.576413
    0.576413
    0.576413
    0.576413
    0.576413
    0.595953
    0.576413
    0.576413
    0.576413
    0.576413
    0.576413
    0.576413
    0.576413
    0.576413
    0.576413
    0.576413
    0.576413
    0.576413
    0.576413
    0.576413
    0.576413
    0.576413
    0.576413
    0.576413
    0.576413
    0.576413
    0.576413
    0.576413
    0.576413
    0.576413
