    0.669574
    0.669574
    0.669574
    0.669574
    0.733775
    0.669574
    0.733775
    0.669574
    0.669574
    0.733775
    0.669574
    0.669574
    0.669574
    0.733775
    0.733775
    0.733775
    0.733775
    0.733775
    0.733775
    0.733775
    0.733775
    0.669574
    0.669574
    0.669574
    0.669574
    0.669574
    0.669574
    0.669574
    0.669574
    0.669574
    0.669574
    0.669574
    0.669574
    0.669574
    0.669574
    0.669574
    0.733775
    0.669574
    0.733775
    0.669574
    0.669574
    0.733775
    0.669574
    0.669574
    0.669574
    0.669574
    0.669574
    0.669574
    0.733775
    0.733775
    0.669574
    0.669574
    0.669574
    0.669574
    0.669574
    0.669574
    0.669574
    0.669574
    0.669574
    0.733775
    0.669574
    0.733775
    0.669574
    0.669574
    0.669574
    0.669574
    0.669574
    0.669574
    0.733775
    0.669574
    0.669574
    0.669574
    0.669574
    0.669574
    0.669574
    0.669574
    0.669574
    0.669574
    0.669574
    0.669574
    0.669574
    0.669574
    0.669574
    0.669574
    0.669574
    0.669574
    0.669574
    0.669574
    0.669574
    0.669574
    0.669574
    0.669574
    0.669574
    0.669574
    0.733775
    0.669574
    0.669574
    0.669574
    0.733775
    0.669574
