    0.637823
    0.637823
    0.637823
    0.637823
    0.637823
    0.637823
    1.000698
    0.637823
    0.637823
    0.637823
    0.637823
    0.637823
    0.637823
    0.637823
    0.637823
    0.637823
    0.637823
    0.637823
    0.637823
    0.637823
    0.637823
    0.637823
    0.637823
    0.637823
    0.637823
    0.637823
    0.637823
    0.637823
    0.637823
    0.637823
    0.637823
    0.637823
    0.637823
    0.637823
    0.637823
    0.637823
    0.637823
    0.637823
    0.637823
    0.637823
    0.637823
    0.637823
    0.637823
    0.637823
    0.637823
    0.637823
    0.637823
    0.637823
    0.637823
    0.637823
    0.637823
    0.637823
    0.637823
    0.637823
    0.637823
    0.637823
    0.637823
    0.637823
    0.637823
    0.637823
    0.637823
    0.637823
    0.637823
    0.637823
    0.637823
    0.637823
    0.637823
    0.637823
    0.637823
    0.637823
    0.637823
    0.637823
    0.637823
    0.637823
    0.637823
    0.637823
    0.637823
    0.637823
    0.637823
    0.639916
    0.639916
    0.639916
    0.639916
    0.672017
    0.672017
    0.672017
    0.672017
    0.672017
    0.672017
    0.672017
    0.672017
    0.672017
    0.672017
    0.672017
    0.672017
    0.672017
    0.672017
    0.672017
    0.672017
    0.672017
