    0.715632
    0.715632
    0.815422
    0.815422
    0.815422
    0.815422
    0.715632
    0.715632
    0.815422
    0.715632
    0.815422
    0.715632
    0.815422
    0.715632
    0.715632
    0.815422
    0.715632
    0.715632
    0.715632
    0.715632
    0.815422
    0.715632
    0.715632
    0.815422
    0.815422
    0.715632
    0.715632
    0.815422
    0.815422
    0.715632
    0.715632
    0.715632
    0.715632
    0.815422
    0.815422
    0.715632
    0.715632
    0.815422
    0.815422
    0.715632
    0.715632
    0.715632
    0.715632
    0.715632
    0.715632
    0.815422
    0.815422
    0.815422
    0.815422
    0.815422
    0.715632
    0.715632
    0.715632
    0.715632
    0.815422
    0.715632
    0.715632
    0.715632
    0.715632
    0.815422
    0.715632
    0.715632
    0.721912
    0.721912
    0.721912
    0.721912
    0.721912
    0.721912
    0.721912
    0.721912
    0.721912
    0.721912
    0.821703
    0.721912
    0.721912
    0.721912
    0.721912
    0.721912
    0.721912
    0.721912
    0.721912
    0.721912
    0.721912
    0.721912
    0.715632
    0.721912
    0.821703
    0.721912
    0.721912
    0.721912
    0.715632
    0.715632
    0.715632
    0.715632
    0.715632
    0.715632
    0.715632
    0.715632
    0.715632
    0.715632
