    0.731682
    0.731682
    0.731682
    0.731682
    0.731682
    0.731682
    0.846825
    0.731682
    0.731682
    0.731682
    0.731682
    0.731682
    0.731682
    0.731682
    0.731682
    0.731682
    0.846825
    0.731682
    0.731682
    0.846825
    0.731682
    0.846825
    0.731682
    0.731682
    0.731682
    0.731682
    0.731682
    0.731682
    0.731682
    0.731682
    0.731682
    0.731682
    0.731682
    0.731682
    0.731682
    0.731682
    0.731682
    0.731682
    0.731682
    0.731682
    0.731682
    0.731682
    0.731682
    0.731682
    0.731682
    0.731682
    0.731682
    0.731682
    0.731682
    0.731682
    0.731682
    0.731682
    0.731682
    0.731682
    0.731682
    0.731682
    0.731682
    0.731682
    0.731682
    0.731682
    0.731682
    0.731682
    0.731682
    0.731682
    0.731682
    0.731682
    0.846825
    0.731682
    0.731682
    0.731682
    0.731682
    0.731682
    0.731682
    0.731682
    0.731682
    0.731682
    0.731682
    0.731682
    0.731682
    0.731682
    0.731682
    0.731682
    0.731682
    0.731682
    0.731682
    0.731682
    0.731682
    0.731682
    0.731682
    0.731682
    0.731682
    0.731682
    0.731682
    0.731682
    0.731682
    0.731682
    0.731682
    0.731682
    0.731682
    0.731682
