    0.162247
    0.169225
    0.162945
    0.169923
    0.162247
    0.162247
    0.162247
    0.162247
    0.162247
    0.162247
    0.169923
    0.169923
    0.169923
    0.169923
    0.169923
    0.162247
    0.162247
    0.160154
    0.160154
    0.160154
    0.160154
    0.160154
    0.160154
    0.160154
    0.160154
    0.160154
    0.160154
    0.172715
    0.172715
    0.172715
    0.172715
    0.160154
    0.160154
    0.160154
    0.160154
    0.172715
    0.172715
    0.172715
    0.172715
    0.172715
    0.172715
    0.160154
    0.160154
    0.160154
    0.160154
    0.172715
    0.172715
    0.160154
    0.160154
    0.160154
    0.160154
    0.160154
    0.172715
    0.160154
    0.172715
    0.172715
    0.172715
    0.172715
    0.160154
    0.172715
    0.172715
    0.172715
    0.172715
    0.172715
    0.160154
    0.160154
    0.160154
    0.160154
    0.160154
    0.160154
    0.160154
    0.160154
    0.160154
    0.172715
    0.160154
    0.160154
    0.160154
    0.160154
    0.160154
    0.172715
    0.160154
    0.160154
    0.160154
    0.160154
    0.172715
    0.172715
    0.172715
    0.167830
    0.161549
    0.161549
    0.161549
    0.167830
    0.167830
    0.161549
    0.161549
    0.161549
    0.161549
    0.161549
    0.161549
    0.161549
