    0.423587
    0.423587
    0.423587
    0.423587
    0.423587
    0.423587
    0.423587
    0.423587
    0.423587
    0.423587
    0.423587
    0.423587
    0.423587
    0.423587
    0.423587
    0.423587
    0.423587
    0.423587
    0.423587
    0.423587
    0.423587
    0.423587
    0.423587
    0.423587
    0.423587
    0.423587
    0.423587
    0.423587
    0.423587
    0.423587
    0.423587
    0.423587
    0.423587
    0.423587
    0.423587
    0.423587
    0.423587
    0.423587
    0.423587
    0.423587
    0.423587
    0.423587
    0.423587
    0.423587
    0.423587
    0.423587
    0.423587
    0.423587
    0.423587
    0.423587
    0.423587
    0.423587
    0.423587
    0.423587
    0.423587
    0.423587
    0.423587
    0.423587
    0.423587
    0.423587
    0.423587
    0.423587
    0.423587
    0.423587
    0.423587
    0.423587
    0.423587
    0.423587
    0.423587
    0.423587
    0.423587
    0.423587
    0.423587
    0.423587
    0.423587
    0.423587
    0.423587
    0.423587
    0.423587
    0.423587
    0.423587
    0.423587
    0.423587
    0.423587
    0.423587
    0.423587
    0.423587
    0.423587
    0.423587
    0.423587
    0.423587
    0.423587
    0.396371
    0.396371
    0.396371
    0.396371
    0.396371
    0.396371
    0.396371
    0.396371
