    0.644103
    0.644103
    0.478716
    0.478716
    0.478716
    0.478716
    0.478716
    0.478716
    0.478716
    0.478716
    0.420098
    0.420098
    0.420098
    0.420098
    0.420098
    0.420098
    0.420098
    0.420098
    0.478716
    0.478716
    0.478716
    0.478716
    0.478716
    0.478716
    0.478716
    0.644103
    0.478716
    0.478716
    0.478716
    0.478716
    0.478716
    0.644103
    0.478716
    0.478716
    0.478716
    0.478716
    0.478716
    0.478716
    0.478716
    0.478716
    0.478716
    0.478716
    0.478716
    0.478716
    0.478716
    0.478716
    0.478716
    0.478716
    0.478716
    0.478716
    0.478716
    0.478716
    0.478716
    0.478716
    0.478716
    0.478716
    0.478716
    0.478716
    0.478716
    0.478716
    0.478716
    0.478716
    0.478716
    0.478716
    0.478716
    0.478716
    0.478716
    0.478716
    0.478716
    0.478716
    0.478716
    0.478716
    0.478716
    0.478716
    0.478716
    0.478716
    0.478716
    0.420796
    0.420796
    0.420796
    0.420796
    0.420796
    0.420796
    0.420796
    0.420796
    0.420796
    0.420796
    0.420796
    0.420796
    0.420796
    0.420796
    0.420796
    0.420796
    0.420796
    0.420796
    0.420796
    0.420796
    0.420796
    0.420796
    0.420796
