    0.252966
    0.310188
    0.252966
    0.310188
    0.310188
    0.252966
    0.252966
    0.310188
    0.310188
    0.310188
    0.310188
    0.252966
    0.310188
    0.310188
    0.310188
    0.252966
    0.252966
    0.252966
    0.252966
    0.252966
    0.252966
    0.252966
    0.252966
    0.252966
    0.252966
    0.252966
    0.252966
    0.252966
    0.310188
    0.252966
    0.252966
    0.252966
    0.252966
    0.252966
    0.252966
    0.310188
    0.252966
    0.252966
    0.252966
    0.310188
    0.359037
    0.252966
    0.252966
    0.310188
    0.252966
    0.252966
    0.252966
    0.310188
    0.252966
    0.252966
    0.310188
    0.310188
    0.310188
    0.252966
    0.252966
    0.310188
    0.252966
    0.252966
    0.310188
    0.252966
    0.310188
    0.310188
    0.252966
    0.310188
    0.252966
    0.252966
    0.252966
    0.252966
    0.310188
    0.252966
    0.252966
    0.252966
    0.252966
    0.252966
    0.310188
    0.252966
    0.252966
    0.252966
    0.252966
    0.252966
    0.252966
    0.252966
    0.252966
    0.252966
    0.252966
    0.310188
    0.252966
    0.252966
    0.252966
    0.310188
    0.252966
    0.310188
    0.252966
    0.310188
    0.252966
    0.252966
    0.252966
    0.310188
    0.252966
    0.252966
