    0.160851
    0.154571
    0.154571
    0.160851
    0.154571
    0.154571
    0.154571
    0.154571
    0.160851
    0.154571
    0.154571
    0.160851
    0.160851
    0.160851
    0.160851
    0.160851
    0.160851
    0.154571
    0.160851
    0.154571
    0.160851
    0.160851
    0.160851
    0.154571
    0.154571
    0.154571
    0.160851
    0.160851
    0.154571
    0.154571
    0.154571
    0.154571
    0.154571
    0.154571
    0.154571
    0.160851
    0.160851
    0.160851
    0.154571
    0.154571
    0.154571
    0.154571
    0.154571
    0.154571
    0.154571
    0.160851
    0.154571
    0.155967
    0.155967
    0.155967
    0.155967
    0.155967
    0.156664
    0.155967
    0.155967
    0.155967
    0.155967
    0.155967
    0.155967
    0.155967
    0.155967
    0.155967
    0.155967
    0.155967
    0.155967
    0.156664
    0.155967
    0.155967
    0.156664
    0.156664
    0.155967
    0.155967
    0.155967
    0.155967
    0.155967
    0.155967
    0.155967
    0.155967
    0.155967
    0.155967
    0.155967
    0.155967
    0.155967
    0.155967
    0.156664
    0.155967
    0.156664
    0.156664
    0.155967
    0.155967
    0.155967
    0.155967
    0.155967
    0.156664
    0.159456
    0.159456
    0.159456
    0.158060
    0.158060
    0.158060
