    0.598744
    0.566643
    0.566643
    0.598744
    0.566643
    0.598744
    0.598744
    0.598744
    0.566643
    0.598744
    0.598744
    0.598744
    0.566643
    0.566643
    0.566643
    0.566643
    0.566643
    0.566643
    0.566643
    0.566643
    0.566643
    0.566643
    0.566643
    0.566643
    0.566643
    0.566643
    0.566643
    0.566643
    0.566643
    0.566643
    0.598744
    0.598744
    0.566643
    0.598744
    0.598744
    0.566643
    0.598744
    0.566643
    0.598744
    0.598744
    0.598744
    0.566643
    0.598744
    0.598744
    0.566643
    0.566643
    0.598744
    0.566643
    0.566643
    0.566643
    0.598744
    0.598744
    0.598744
    0.598744
    0.566643
    0.566643
    0.566643
    0.566643
    0.566643
    0.566643
    0.566643
    0.566643
    0.566643
    0.566643
    0.566643
    0.566643
    0.566643
    0.598744
    0.566643
    0.566643
    0.566643
    0.566643
    0.566643
    0.566643
    0.566643
    0.566643
    0.598744
    0.566643
    0.566643
    0.598744
    0.566643
    0.566643
    0.566643
    0.566643
    0.566643
    0.566643
    0.566643
    0.566643
    0.566643
    0.566643
    0.566643
    0.566643
    0.566643
    0.566643
    0.566643
    0.566643
    0.566643
    0.566643
    0.566643
    0.566643
