    0.658758
    0.658758
    0.658758
    0.658758
    0.658758
    0.658758
    0.670621
    0.670621
    0.658758
    0.658758
    0.670621
    0.670621
    0.670621
    0.670621
    0.670621
    0.670621
    0.670621
    0.670621
    0.670621
    0.658758
    0.658758
    0.658758
    0.658758
    0.658758
    0.658758
    0.658758
    0.658758
    0.658758
    0.658758
    0.658758
    0.658758
    0.658758
    0.658758
    0.658758
    0.658758
    0.658758
    0.658758
    0.658758
    0.658758
    0.658758
    0.658758
    0.658758
    0.658758
    0.658758
    0.658758
    0.658758
    0.658758
    0.658758
    0.658758
    0.658758
    0.658758
    0.658758
    0.658758
    0.658758
    0.658758
    0.658758
    0.658758
    0.658758
    0.658758
    0.658758
    0.658758
    0.658758
    0.658758
    0.658758
    0.658758
    0.658758
    0.658758
    0.658758
    0.658758
    0.658758
    0.658758
    0.658758
    0.658758
    0.658758
    0.658758
    0.658758
    0.658758
    0.658758
    0.658758
    0.658758
    0.658758
    0.658758
    0.658758
    0.658758
    0.658758
    0.658758
    0.658758
    0.658758
    0.658758
    0.658758
    0.658758
    0.658758
    0.658758
    0.658758
    0.658758
    0.658758
    0.658758
    0.658758
    0.658758
    0.658758
