    0.538730
    0.538730
    0.538730
    0.538730
    0.538730
    0.538730
    0.538730
    0.538730
    0.538730
    0.538730
    0.538730
    0.538730
    0.538730
    0.538730
    0.538730
    0.538730
    0.538730
    0.538730
    0.538730
    0.538730
    0.538730
    0.538730
    0.538730
    0.538730
    0.538730
    0.538730
    0.538730
    0.538730
    0.538730
    0.538730
    0.538730
    0.538730
    0.538730
    0.538730
    0.538730
    0.538730
    0.538730
    0.538730
    0.538730
    0.538730
    0.538730
    0.538730
    0.538730
    0.538730
    0.538730
    0.538730
    0.538730
    0.538730
    0.538730
    0.538730
    0.538730
    0.524773
    0.524773
    0.524773
    0.524773
    0.524773
    0.524773
    0.524773
    0.524773
    0.524773
    0.524773
    0.524773
    0.524773
    0.524773
    0.524773
    0.524773
    0.524773
    0.524773
    0.524773
    0.524773
    0.524773
    0.524773
    0.524773
    0.524773
    0.538730
    0.538730
    0.538730
    0.524773
    0.524773
    0.524773
    0.524773
    0.524773
    0.524773
    0.524773
    0.524773
    0.524773
    0.524773
    0.524773
    0.524773
    0.524773
    0.524773
    0.524773
    0.524773
    0.524773
    0.524773
    0.524773
    0.524773
    0.524773
    0.524773
    0.524773
