    0.739358
    0.739358
    0.739358
    0.830775
    0.739358
    0.739358
    0.830775
    0.832868
    0.730984
    0.832868
    0.730984
    0.832868
    0.730984
    0.730984
    0.739358
    0.832868
    0.832868
    0.832868
    0.739358
    0.739358
    0.739358
    0.739358
    0.830775
    0.830775
    0.830775
    0.830775
    0.830775
    0.739358
    0.830775
    0.830775
    0.739358
    0.739358
    0.830775
    0.739358
    0.830775
    0.739358
    0.739358
    0.739358
    0.830775
    0.739358
    0.739358
    0.730984
    0.832868
    0.730984
    0.730984
    0.730984
    0.730984
    0.730984
    0.730984
    0.730984
    0.730984
    0.730984
    0.730984
    0.730984
    0.730984
    0.730984
    0.730984
    0.730984
    0.730984
    0.832868
    0.730984
    0.730984
    0.730984
    0.730984
    0.832868
    0.832868
    0.832868
    0.832868
    0.730984
    0.832868
    0.730984
    0.730984
    0.730984
    0.730984
    0.832868
    0.832868
    0.730984
    0.730984
    0.730984
    0.730984
    0.730984
    0.832868
    0.832868
    0.730984
    0.730984
    0.832868
    0.832868
    0.730984
    0.730984
    0.730984
    0.832868
    0.730984
    0.832868
    0.730984
    0.730984
    0.730984
    0.832868
    0.832868
    0.730984
    0.730984
