    0.734473
    0.734473
    0.734473
    0.734473
    0.734473
    0.734473
    0.734473
    0.734473
    0.734473
    0.734473
    0.734473
    0.734473
    0.734473
    0.734473
    0.734473
    0.734473
    0.734473
    0.734473
    0.734473
    0.734473
    0.734473
    0.734473
    0.734473
    0.734473
    0.734473
    0.846127
    0.734473
    0.734473
    0.734473
    0.734473
    0.734473
    0.734473
    0.734473
    0.734473
    0.734473
    0.734473
    0.734473
    0.734473
    0.734473
    0.734473
    0.846127
    0.734473
    0.734473
    0.734473
    0.734473
    0.734473
    0.734473
    0.734473
    0.734473
    0.734473
    0.734473
    0.734473
    0.734473
    0.734473
    0.734473
    0.734473
    0.734473
    0.734473
    0.734473
    0.734473
    0.734473
    0.734473
    0.734473
    0.734473
    0.734473
    0.734473
    0.734473
    0.734473
    0.734473
    0.734473
    0.846127
    0.734473
    0.734473
    0.734473
    0.734473
    0.734473
    0.734473
    0.734473
    0.734473
    0.734473
    0.734473
    0.734473
    0.734473
    0.734473
    0.734473
    0.734473
    0.734473
    0.734473
    0.734473
    0.734473
    0.734473
    0.734473
    0.734473
    0.734473
    0.846127
    0.734473
    0.734473
    0.734473
    0.734473
    0.734473
