    0.733077
    0.733077
    0.733077
    0.827983
    0.733077
    0.733077
    0.733077
    0.733077
    0.733077
    0.733077
    0.733077
    0.733077
    0.733077
    0.733077
    0.827983
    0.827983
    0.733077
    0.827983
    0.733077
    0.827983
    0.827983
    0.733077
    0.733077
    0.733077
    0.733077
    0.733077
    0.733077
    0.827983
    0.827983
    0.827983
    0.827983
    0.827983
    0.733077
    0.733077
    0.827983
    0.733077
    0.733077
    0.733077
    0.827983
    0.733077
    0.827983
    0.827983
    0.827983
    0.733077
    0.827983
    0.827983
    0.827983
    0.733077
    0.827983
    0.733077
    0.827983
    0.733077
    0.733077
    0.827983
    0.827983
    0.827983
    0.827983
    0.733077
    0.733077
    0.827983
    0.733077
    0.733077
    0.827983
    0.733077
    0.733077
    0.733077
    0.733077
    0.733077
    0.733077
    0.827983
    0.827983
    0.733077
    0.827983
    0.733077
    0.733077
    0.733077
    0.733077
    0.733077
    0.827983
    0.733077
    0.827983
    0.733077
    0.733077
    0.733077
    0.733077
    0.733077
    0.733077
    0.827983
    0.733077
    0.733077
    0.827983
    0.827983
    0.733077
    0.827983
    0.733077
    0.733077
    0.733077
    0.733077
    0.733077
    0.733077
