    0.747034
    0.747034
    0.747034
    0.747034
    0.747034
    0.747034
    0.747034
    0.747034
    0.747034
    0.747034
    0.747034
    0.747034
    0.747034
    0.747034
    0.747034
    0.747034
    0.747034
    0.747034
    0.747034
    0.747034
    0.747034
    0.747034
    0.747034
    0.747034
    0.747034
    0.848221
    0.848221
    0.747034
    0.747034
    0.848221
    0.747034
    0.747034
    0.747034
    0.747034
    0.747034
    0.747034
    0.747034
    0.747034
    0.747034
    0.848221
    0.747034
    0.747034
    0.747034
    0.747034
    0.747034
    0.747034
    0.747034
    0.747034
    0.747034
    0.747034
    0.747034
    0.747034
    0.747034
    0.747034
    0.747034
    0.747034
    0.848221
    0.747034
    0.747034
    0.747034
    0.848221
    0.747034
    0.747034
    0.747034
    0.747034
    0.747034
    0.747034
    0.747034
    0.747034
    0.747034
    0.747034
    0.747034
    0.747034
    0.747034
    0.747034
    0.747034
    0.747034
    0.848221
    0.747034
    0.747034
    0.747034
    0.747034
    0.747034
    0.747034
    0.747034
    0.747034
    0.747034
    0.747034
    0.747034
    0.747034
    0.747034
    0.747034
    0.747034
    0.747034
    0.747034
    0.747034
    0.747034
    0.747034
    0.747034
    0.747034
