    0.259595
    0.259595
    0.259595
    0.259595
    0.259595
    0.259595
    0.259595
    0.259595
    0.259595
    0.259595
    0.259595
    0.259595
    0.259595
    0.259595
    0.259595
    0.259595
    0.259595
    0.259595
    0.171668
    0.171668
    0.171668
    0.171668
    0.171668
    0.171668
    0.171668
    0.171668
    0.171668
    0.171668
    0.171668
    0.171668
    0.171668
    0.171668
    0.171668
    0.171668
    0.171668
    0.171668
    0.171668
    0.171668
    0.171668
    0.210747
    0.210747
    0.210747
    0.210747
    0.171668
    0.171668
    0.171668
    0.171668
    0.171668
    0.171668
    0.171668
    0.210747
    0.210747
    0.210747
    0.210747
    0.210747
    0.210747
    0.210747
    0.210747
    0.210747
    0.210747
    0.210747
    0.210747
    0.210747
    0.210747
    0.210747
    0.210747
    0.210747
    0.210747
    0.210747
    0.210747
    0.210747
    0.210747
    0.210747
    0.210747
    0.210747
    0.210747
    0.210747
    0.210747
    0.210747
    0.210747
    0.210747
    0.210747
    0.210747
    0.210747
    0.210747
    0.210747
    0.210747
    0.210747
    0.210747
    0.210747
    0.210747
    0.210747
    0.210747
    0.210747
    0.210747
    0.210747
    0.210747
    0.210747
    0.210747
    0.210747
