    0.595953
    0.576413
    0.595953
    0.595953
    0.595953
    0.595953
    0.595953
    0.595953
    0.595953
    0.576413
    0.576413
    0.576413
    0.576413
    0.576413
    0.595953
    0.595953
    0.576413
    0.576413
    0.595953
    0.595953
    0.576413
    0.595953
    0.576413
    0.576413
    0.595953
    0.576413
    0.576413
    0.576413
    0.576413
    0.576413
    0.576413
    0.576413
    0.576413
    0.576413
    0.576413
    0.595953
    0.595953
    0.595953
    0.595953
    0.595953
    0.595953
    0.595953
    0.576413
    0.595953
    0.595953
    0.595255
    0.595953
    0.595953
    0.595953
    0.595953
    0.595953
    0.595953
    0.595953
    0.576413
    0.595953
    0.595953
    0.576413
    0.595953
    0.595953
    0.595953
    0.595953
    0.595953
    0.576413
    0.576413
    0.576413
    0.595953
    0.576413
    0.595953
    0.595953
    0.576413
    0.576413
    0.576413
    0.576413
    0.576413
    0.576413
    0.576413
    0.572924
    0.572924
    0.572924
    0.572924
    0.572924
    0.595255
    0.595255
    0.595255
    0.595255
    0.572924
    0.595255
    0.595255
    0.595255
    0.572924
    0.595255
    0.572924
    0.595255
    0.595255
    0.595255
    0.595255
    0.595255
    0.572924
    0.572924
    0.572924
