    0.642359
    0.642359
    0.642359
    0.642359
    0.642359
    0.642359
    0.642359
    0.651431
    0.651431
    0.726099
    0.651431
    0.651431
    0.651431
    0.651431
    0.651431
    0.651431
    0.651431
    0.651431
    0.651431
    0.651431
    0.651431
    0.726099
    0.651431
    0.651431
    0.651431
    0.651431
    0.651431
    0.651431
    0.651431
    0.642359
    0.642359
    0.642359
    0.642359
    0.651431
    0.709351
    0.642359
    0.642359
    0.642359
    0.642359
    0.642359
    0.709351
    0.642359
    0.709351
    0.651431
    0.726099
    0.651431
    0.726099
    0.651431
    0.651431
    0.651431
    0.651431
    0.651431
    0.651431
    0.651431
    0.726099
    0.651431
    0.651431
    0.651431
    0.651431
    0.651431
    0.651431
    0.651431
    0.651431
    0.726099
    0.651431
    0.651431
    0.651431
    0.651431
    0.651431
    0.651431
    0.651431
    0.726099
    0.726099
    0.651431
    0.651431
    0.651431
    0.651431
    0.651431
    0.726099
    0.651431
    0.651431
    0.651431
    0.651431
    0.651431
    0.651431
    0.651431
    0.651431
    0.726099
    0.651431
    0.651431
    0.651431
    0.651431
    0.651431
    0.651431
    0.726099
    0.651431
    0.651431
    0.651431
    0.651431
    0.651431
