    0.364620
    0.364620
    0.364620
    0.364620
    0.364620
    0.364620
    0.364620
    0.364620
    0.364620
    0.364620
    0.364620
    0.364620
    0.364620
    0.364620
    0.364620
    0.364620
    0.364620
    0.364620
    0.364620
    0.364620
    0.364620
    0.364620
    0.364620
    0.364620
    0.364620
    0.364620
    0.364620
    0.364620
    0.364620
    0.364620
    0.364620
    0.364620
    0.364620
    0.364620
    0.364620
    0.364620
    0.364620
    0.364620
    0.364620
    0.364620
    0.364620
    0.364620
    0.364620
    0.364620
    0.364620
    0.364620
    0.364620
    0.364620
    0.364620
    0.364620
    0.364620
    0.364620
    0.364620
    0.364620
    0.364620
    0.364620
    0.364620
    0.364620
    0.364620
    0.364620
    0.364620
    0.364620
    0.364620
    0.364620
    0.364620
    0.364620
    0.364620
    0.364620
    0.364620
    0.364620
    0.364620
    0.364620
    0.364620
    0.364620
    0.364620
    0.364620
    0.364620
    0.364620
    0.364620
    0.364620
    0.364620
    0.364620
    0.400907
    0.400907
    0.400907
    0.400907
    0.400907
    0.400907
    0.400907
    0.400907
    0.400907
    0.400907
    0.400907
    0.400907
    0.400907
    0.400907
    0.400907
    0.400907
    0.400907
    0.400907
