    0.691905
    0.691905
    0.691905
    0.691905
    0.781228
    0.691905
    0.691905
    0.691905
    0.781228
    0.781228
    0.691905
    0.691905
    0.691905
    0.781228
    0.781228
    0.781228
    0.691905
    0.691905
    0.691905
    0.781228
    0.691905
    0.691905
    0.691905
    0.691905
    0.691905
    0.691905
    0.691905
    0.691905
    0.691905
    0.781228
    0.691905
    0.691905
    0.691905
    0.691905
    0.691905
    0.691905
    0.781228
    0.691905
    0.691905
    0.691905
    0.691905
    0.691905
    0.691905
    0.691905
    0.691905
    0.691905
    0.691905
    0.691905
    0.691905
    0.781228
    0.691905
    0.691905
    0.691905
    0.691905
    0.691905
    0.691905
    0.781228
    0.691905
    0.691905
    0.781228
    0.691905
    0.691905
    0.691905
    0.691905
    0.691905
    0.691905
    0.691905
    0.691905
    0.691905
    0.691905
    0.691905
    0.691905
    0.691905
    0.691905
    0.691905
    0.691905
    0.691905
    0.691905
    0.691905
    0.691905
    0.691905
    0.691905
    0.691905
    0.691905
    0.691905
    0.691905
    0.691905
    0.691905
    0.691905
    0.691905
    0.691905
    0.691905
    0.691905
    0.691905
    0.781228
    0.691905
    0.691905
    0.691905
    0.691905
    0.691905
