    0.153873
    0.153873
    0.153873
    0.153873
    0.160154
    0.153873
    0.160154
    0.153873
    0.160154
    0.160154
    0.160154
    0.160154
    0.153873
    0.160154
    0.160154
    0.160154
    0.160154
    0.153873
    0.153873
    0.153873
    0.153873
    0.153873
    0.153873
    0.153873
    0.153873
    0.153873
    0.153873
    0.153873
    0.160154
    0.153873
    0.153873
    0.160154
    0.160154
    0.153873
    0.153873
    0.153873
    0.153873
    0.160154
    0.160154
    0.160154
    0.153873
    0.153873
    0.153873
    0.153873
    0.153873
    0.160154
    0.153873
    0.160154
    0.153873
    0.153873
    0.153873
    0.153873
    0.153873
    0.153873
    0.153873
    0.153873
    0.153873
    0.153873
    0.153873
    0.153873
    0.153873
    0.160154
    0.160154
    0.160154
    0.160154
    0.160154
    0.153873
    0.153873
    0.153873
    0.153873
    0.153873
    0.153873
    0.160154
    0.153873
    0.153873
    0.153873
    0.153873
    0.153873
    0.153873
    0.153873
    0.153873
    0.153873
    0.160154
    0.160154
    0.153873
    0.153873
    0.153873
    0.153873
    0.153873
    0.153873
    0.153873
    0.160154
    0.153873
    0.153873
    0.160154
    0.153873
    0.153873
    0.153873
    0.153873
    0.153873
