    0.592463
    0.563154
    0.563154
    0.563154
    0.592463
    0.592463
    0.563154
    0.592463
    0.592463
    0.592463
    0.592463
    0.592463
    0.592463
    0.592463
    0.592463
    0.592463
    0.592463
    0.592463
    0.592463
    0.592463
    0.592463
    0.592463
    0.592463
    0.592463
    0.592463
    0.563154
    0.592463
    0.563154
    0.563154
    0.592463
    0.592463
    0.592463
    0.563154
    0.563154
    0.563154
    0.563154
    0.563154
    0.563154
    0.563154
    0.563154
    0.563154
    0.592463
    0.592463
    0.592463
    0.592463
    0.592463
    0.592463
    0.592463
    0.592463
    0.592463
    0.563154
    0.563154
    0.563154
    0.563154
    0.592463
    0.592463
    0.592463
    0.592463
    0.563154
    0.563154
    0.563154
    0.563154
    0.563154
    0.563154
    0.563154
    0.592463
    0.563154
    0.592463
    0.563154
    0.592463
    0.592463
    0.592463
    0.592463
    0.592463
    0.592463
    0.592463
    0.592463
    0.592463
    0.592463
    0.592463
    0.592463
    0.592463
    0.592463
    0.592463
    0.592463
    0.592463
    0.592463
    0.592463
    0.592463
    0.592463
    0.563154
    0.563154
    0.563154
    0.592463
    0.563154
    0.592463
    0.592463
    0.563154
    0.563154
    0.592463
