    0.607118
    0.607118
    0.607118
    0.607118
    0.607118
    0.607118
    0.607118
    0.607118
    0.607118
    0.607118
    0.607118
    0.607118
    0.612701
    0.607118
    0.607118
    0.607118
    0.607118
    0.607118
    0.607118
    0.607118
    0.607118
    0.607118
    0.607118
    0.607118
    0.607118
    0.607118
    0.607118
    0.607118
    0.607118
    0.607118
    0.607118
    0.607118
    0.607118
    0.607118
    0.607118
    0.607118
    0.607118
    0.607118
    0.607118
    0.607118
    0.607118
    0.607118
    0.607118
    0.607118
    0.607118
    0.607118
    0.607118
    0.607118
    0.607118
    0.607118
    0.607118
    0.607118
    0.607118
    0.607118
    0.607118
    0.607118
    0.607118
    0.607118
    0.607118
    0.607118
    0.607118
    0.607118
    0.607118
    0.607118
    0.607118
    0.607118
    0.607118
    0.607118
    0.607118
    0.607118
    0.607118
    0.607118
    0.607118
    0.607118
    0.607118
    0.607118
    0.607118
    0.607118
    0.607118
    0.607118
    0.607118
    0.607118
    0.607118
    0.607118
    0.607118
    0.607118
    0.607118
    0.607118
    0.607118
    0.607118
    0.607118
    0.607118
    0.607118
    0.607118
    0.607118
    0.607118
    0.607118
    0.607118
    0.607118
    0.607118
