    0.210398
    0.210398
    0.210398
    0.210398
    0.210398
    0.210398
    0.210398
    0.243894
    0.210398
    0.210398
    0.210398
    0.210398
    0.210398
    0.210398
    0.210398
    0.243894
    0.210398
    0.210398
    0.243894
    0.210398
    0.210398
    0.210398
    0.210398
    0.210398
    0.210398
    0.210398
    0.243894
    0.210398
    0.210398
    0.210398
    0.210398
    0.243894
    0.210398
    0.243894
    0.210398
    0.210398
    0.210398
    0.210398
    0.210398
    0.210398
    0.243894
    0.210398
    0.210398
    0.210398
    0.210398
    0.210398
    0.210398
    0.210398
    0.243894
    0.243894
    0.210398
    0.210398
    0.243894
    0.243894
    0.243894
    0.210398
    0.243894
    0.210398
    0.210398
    0.243894
    0.210398
    0.210398
    0.210398
    0.210398
    0.210398
    0.210398
    0.210398
    0.210398
    0.210398
    0.243894
    0.210398
    0.243894
    0.210398
    0.243894
    0.243894
    0.210398
    0.210398
    0.210398
    0.210398
    0.210398
    0.210398
    0.210398
    0.243894
    0.210398
    0.210398
    0.210398
    0.210398
    0.210398
    0.210398
    0.210398
    0.243894
    0.243894
    0.210398
    0.210398
    0.210398
    0.210398
    0.243894
    0.243894
    0.243894
    0.243894
