    0.165038
    0.170621
    0.165038
    0.165038
    0.165038
    0.170621
    0.165038
    0.170621
    0.170621
    0.170621
    0.170621
    0.170621
    0.170621
    0.170621
    0.170621
    0.165038
    0.165038
    0.165038
    0.165038
    0.165038
    0.165038
    0.165038
    0.165038
    0.165038
    0.170621
    0.170621
    0.170621
    0.165038
    0.165038
    0.165038
    0.165038
    0.165038
    0.170621
    0.165038
    0.170621
    0.165038
    0.165038
    0.165038
    0.165038
    0.165038
    0.165038
    0.165038
    0.165038
    0.170621
    0.165038
    0.165038
    0.165038
    0.165038
    0.165038
    0.165038
    0.165038
    0.165038
    0.170621
    0.170621
    0.170621
    0.170621
    0.170621
    0.170621
    0.170621
    0.170621
    0.170621
    0.170621
    0.165038
    0.165038
    0.165038
    0.170621
    0.165038
    0.165038
    0.165038
    0.165038
    0.165038
    0.165038
    0.165038
    0.165038
    0.165038
    0.165038
    0.165038
    0.165038
    0.170621
    0.165038
    0.165038
    0.165038
    0.165038
    0.165038
    0.165038
    0.165038
    0.165038
    0.165038
    0.165038
    0.165038
    0.165038
    0.165038
    0.165038
    0.165038
    0.165038
    0.165038
    0.165038
    0.170621
    0.170621
    0.165038
