    0.653524
    0.653524
    0.653524
    0.653524
    0.653524
    0.747034
    0.653524
    0.653524
    0.653524
    0.653524
    0.747034
    0.653524
    0.653524
    0.653524
    0.653524
    0.653524
    0.653524
    0.653524
    0.653524
    0.653524
    0.653524
    0.653524
    0.653524
    0.747034
    0.653524
    0.653524
    0.653524
    0.653524
    0.653524
    0.653524
    0.653524
    0.653524
    0.653524
    0.653524
    0.653524
    0.653524
    0.653524
    0.653524
    0.653524
    0.653524
    0.653524
    0.653524
    0.653524
    0.653524
    0.653524
    0.653524
    0.653524
    0.653524
    0.653524
    0.653524
    0.653524
    0.653524
    0.653524
    0.653524
    0.747034
    0.653524
    0.653524
    0.653524
    0.653524
    0.653524
    0.653524
    0.653524
    0.653524
    0.653524
    0.653524
    0.747034
    0.653524
    0.653524
    0.653524
    0.653524
    0.653524
    0.653524
    0.653524
    0.653524
    0.653524
    0.653524
    0.653524
    0.653524
    0.653524
    0.653524
    0.653524
    0.653524
    0.653524
    0.653524
    0.653524
    0.653524
    0.653524
    0.653524
    0.653524
    0.653524
    0.653524
    0.653524
    0.653524
    0.653524
    0.653524
    0.653524
    0.653524
    0.653524
    0.653524
    0.653524
