    0.747034
    0.747034
    0.747034
    0.747034
    0.747034
    0.747034
    0.837753
    0.837753
    0.747034
    0.747034
    0.747034
    0.747034
    0.747034
    0.747034
    0.747034
    0.747034
    0.747034
    0.747034
    0.837753
    0.747034
    0.747034
    0.747034
    0.837753
    0.837753
    0.747034
    0.747034
    0.837753
    0.837753
    0.837753
    0.747034
    0.747034
    0.837753
    0.837753
    0.837753
    0.747034
    0.837753
    0.747034
    0.747034
    0.837753
    0.837753
    0.747034
    0.837753
    0.837753
    0.747034
    0.747034
    0.837753
    0.747034
    0.747034
    0.747034
    0.747034
    0.747034
    0.837753
    0.837753
    0.837753
    0.747034
    0.747034
    0.747034
    0.837753
    0.747034
    0.837753
    0.747034
    0.747034
    0.837753
    0.747034
    0.837753
    0.747034
    0.837753
    0.747034
    0.747034
    0.837753
    0.747034
    0.747034
    0.747034
    0.837753
    0.747034
    0.747034
    0.837753
    0.837753
    0.747034
    0.837753
    0.747034
    0.747034
    0.837753
    0.747034
    0.837753
    0.837753
    0.837753
    0.747034
    0.747034
    0.747034
    0.747034
    0.747034
    0.747034
    0.747034
    0.837753
    0.747034
    0.747034
    0.837753
    0.747034
    0.747034
