    0.642010
    0.642010
    0.635031
    0.635031
    0.635031
    0.635031
    0.635031
    0.635031
    0.635031
    0.635031
    0.635031
    0.635031
    0.635031
    0.635031
    0.635031
    0.657362
    0.657362
    0.657362
    0.657362
    0.657362
    0.657362
    0.657362
    0.657362
    0.657362
    0.657362
    0.657362
    0.657362
    0.657362
    0.657362
    0.657362
    0.657362
    0.657362
    0.657362
    0.657362
    0.657362
    0.657362
    0.657362
    0.657362
    0.657362
    0.657362
    0.657362
    0.657362
    0.657362
    0.657362
    0.657362
    0.657362
    0.657362
    0.657362
    0.657362
    0.657362
    0.657362
    0.657362
    0.657362
    0.657362
    0.657362
    0.657362
    0.657362
    0.657362
    0.657362
    0.657362
    0.657362
    0.657362
    0.657362
    0.657362
    0.657362
    0.657362
    0.657362
    0.657362
    0.657362
    0.657362
    0.657362
    0.657362
    0.657362
    0.657362
    0.657362
    0.657362
    0.657362
    0.657362
    0.657362
    0.657362
    0.657362
    0.657362
    0.657362
    0.657362
    0.639218
    0.639218
    0.639218
    0.639218
    0.639218
    0.639218
    0.639218
    0.639218
    0.639218
    0.639218
    0.639218
    0.639218
    0.639218
    0.639218
    0.639218
    0.639218
