    0.542219
    0.542219
    0.542219
    0.542219
    0.542219
    0.542219
    0.542219
    0.542219
    0.542219
    0.542219
    0.542219
    0.542219
    0.542219
    0.542219
    0.542219
    0.542219
    0.542219
    0.542219
    0.542219
    0.542219
    0.542219
    0.542219
    0.542219
    0.542219
    0.542219
    0.542219
    0.628751
    0.628751
    0.628751
    0.628751
    0.628751
    0.628751
    0.628751
    0.628751
    0.628751
    0.628751
    0.628751
    0.628751
    0.628751
    0.628751
    0.628751
    0.628751
    0.542219
    0.542219
    0.542219
    0.628751
    0.542219
    0.542219
    0.542219
    0.542219
    0.542219
    0.542219
    0.542219
    0.542219
    0.542219
    0.542219
    0.542219
    0.542219
    0.628751
    0.628751
    0.628751
    0.628751
    0.628751
    0.628751
    0.628751
    0.628751
    0.628751
    0.628751
    0.628751
    0.628751
    0.628751
    0.628751
    0.628751
    0.628751
    0.628751
    0.628751
    0.628751
    0.628751
    0.628751
    0.628751
    0.628751
    0.628751
    0.628751
    0.628751
    0.628751
    0.628751
    0.628751
    0.628751
    0.628751
    0.628751
    0.628751
    0.628751
    0.628751
    0.628751
    0.628751
    0.628751
    0.628751
    0.628751
    0.628751
    0.628751
