    0.571528
    0.571528
    0.571528
    0.571528
    0.571528
    0.571528
    0.571528
    0.571528
    0.571528
    0.571528
    0.571528
    0.571528
    0.598744
    0.571528
    0.571528
    0.571528
    0.571528
    0.571528
    0.571528
    0.571528
    0.571528
    0.571528
    0.571528
    0.571528
    0.571528
    0.571528
    0.571528
    0.571528
    0.598744
    0.571528
    0.571528
    0.571528
    0.571528
    0.571528
    0.571528
    0.571528
    0.571528
    0.571528
    0.572924
    0.572924
    0.572924
    0.572924
    0.572924
    0.598744
    0.572924
    0.598744
    0.572924
    0.572924
    0.598744
    0.598744
    0.572924
    0.598744
    0.598744
    0.598744
    0.572924
    0.598744
    0.572924
    0.598744
    0.572924
    0.572924
    0.598744
    0.572924
    0.572924
    0.572924
    0.572924
    0.598744
    0.572924
    0.598744
    0.572924
    0.572924
    0.598744
    0.598744
    0.572924
    0.598744
    0.598744
    0.572924
    0.572924
    0.572924
    0.572924
    0.572924
    0.572924
    0.572924
    0.572924
    0.572924
    0.572924
    0.572924
    0.598744
    0.572924
    0.598744
    0.572924
    0.572924
    0.572924
    0.572924
    0.572924
    0.572924
    0.572924
    0.572924
    0.572924
    0.572924
    0.572924
