    0.716329
    0.716329
    0.716329
    0.716329
    0.804955
    0.805652
    0.805652
    0.805652
    0.805652
    0.804955
    0.805652
    0.804955
    0.716329
    0.716329
    0.805652
    0.805652
    0.805652
    0.716329
    0.804955
    0.805652
    0.804955
    0.805652
    0.716329
    0.716329
    0.716329
    0.716329
    0.716329
    0.805652
    0.716329
    0.716329
    0.716329
    0.716329
    0.716329
    0.716329
    0.804955
    0.805652
    0.805652
    0.716329
    0.716329
    0.716329
    0.716329
    0.805652
    0.716329
    0.805652
    0.716329
    0.716329
    0.716329
    0.704466
    0.803559
    0.704466
    0.704466
    0.704466
    0.704466
    0.803559
    0.804955
    0.704466
    0.704466
    0.704466
    0.704466
    0.704466
    0.704466
    0.804955
    0.803559
    0.805652
    0.716329
    0.805652
    0.803559
    0.804955
    0.804955
    0.704466
    0.803559
    0.704466
    0.704466
    0.803559
    0.704466
    0.704466
    0.704466
    0.704466
    0.803559
    0.803559
    0.804955
    0.803559
    0.804955
    0.804955
    0.804955
    0.704466
    0.704466
    0.803559
    0.704466
    0.704466
    0.704466
    0.804955
    0.704466
    0.803559
    0.803559
    0.704466
    0.704466
    0.704466
    0.704466
    0.704466
