    0.636078
    0.636078
    0.636078
    0.636078
    0.687020
    0.636078
    0.636078
    0.636078
    0.636078
    0.636078
    0.636078
    0.636078
    0.636078
    0.636078
    0.636078
    0.636078
    0.636078
    0.636078
    0.636078
    0.636078
    0.636078
    0.636078
    0.636078
    0.636078
    0.636078
    0.636078
    0.687020
    0.636078
    0.636078
    0.687020
    0.636078
    0.636078
    0.687020
    0.687020
    0.636078
    0.636078
    0.636078
    0.636078
    0.636078
    0.636078
    0.636078
    0.636078
    0.629100
    0.629100
    0.629100
    0.629100
    0.629100
    0.629100
    0.629100
    0.629100
    0.629100
    0.629100
    0.629100
    0.629100
    0.629100
    0.629100
    0.629100
    0.704466
    0.629100
    0.629100
    0.704466
    0.629100
    0.629100
    0.629100
    0.704466
    0.629100
    0.629100
    0.704466
    0.629100
    0.629100
    0.629100
    0.704466
    0.704466
    0.629100
    0.629100
    0.629100
    0.629100
    0.629100
    0.629100
    0.629100
    0.704466
    0.704466
    0.629100
    0.629100
    0.629100
    0.629100
    0.629100
    0.629100
    0.629100
    0.629100
    0.629100
    0.704466
    0.629100
    0.629100
    0.704466
    0.704466
    0.629100
    0.629100
    0.629100
    0.629100
