    0.635031
    0.635031
    0.635031
    0.635031
    0.635031
    0.635031
    0.635031
    0.635031
    0.635031
    0.635031
    0.635031
    0.635031
    0.635031
    0.635031
    0.635031
    0.635031
    0.635031
    0.635031
    0.635031
    0.635031
    0.635031
    0.635031
    0.635031
    0.635031
    0.635031
    0.635031
    0.635031
    0.635031
    0.635031
    0.635031
    0.635031
    0.635031
    0.635031
    0.635031
    0.635031
    0.635031
    0.635031
    0.635031
    0.635031
    0.635031
    0.635031
    0.635031
    0.635031
    0.635031
    0.635031
    0.635031
    0.635031
    0.635031
    0.635031
    0.635031
    0.635031
    0.635031
    0.635031
    0.635031
    0.635031
    0.635031
    0.635031
    0.635031
    0.635031
    0.635031
    0.635031
    0.635031
    0.627355
    0.627355
    0.627355
    0.627355
    0.627355
    0.627355
    0.627355
    0.627355
    0.627355
    0.627355
    0.627355
    0.627355
    0.627355
    0.627355
    0.627355
    0.627355
    0.627355
    0.627355
    0.627355
    0.627355
    0.627355
    0.627355
    0.627355
    0.627355
    0.627355
    0.627355
    0.627355
    0.627355
    0.627355
    0.627355
    0.627355
    0.627355
    0.627355
    0.627355
    0.627355
    0.627355
    0.627355
    0.627355
