    0.747732
    0.747732
    0.747732
    0.747732
    0.847523
    0.847523
    0.747732
    0.747732
    0.747732
    0.747732
    0.747732
    0.747732
    0.747732
    0.747732
    0.747732
    0.747732
    0.747732
    0.747732
    0.747732
    0.747732
    0.747732
    0.747732
    0.747732
    0.747732
    0.747732
    0.747732
    0.747732
    0.747732
    0.747732
    0.747732
    0.747732
    0.747732
    0.747732
    0.747732
    0.747732
    0.747732
    0.747732
    0.747732
    0.747732
    0.747732
    0.747732
    0.747732
    0.747732
    0.747732
    0.747732
    0.747732
    0.747732
    0.747732
    0.747732
    0.747732
    0.747732
    0.747732
    0.747732
    0.747732
    0.747732
    0.747732
    0.747732
    0.747732
    0.747732
    0.747732
    0.747732
    0.747732
    0.747732
    0.747732
    0.747732
    0.747732
    0.747732
    0.747732
    0.747732
    0.747732
    0.747732
    0.747732
    0.747732
    0.747732
    0.747732
    0.747732
    0.747732
    0.747732
    0.747732
    0.747732
    0.747732
    0.747732
    0.747732
    0.747732
    0.747732
    0.747732
    0.747732
    0.747732
    0.747732
    0.747732
    0.747732
    0.747732
    0.747732
    0.747732
    0.747732
    0.747732
    0.747732
    0.747732
    0.747732
    0.747732
