    0.362526
    0.362526
    0.362526
    0.362526
    0.362526
    0.362526
    0.362526
    0.362526
    0.362526
    0.362526
    0.362526
    0.362526
    0.362526
    0.362526
    0.362526
    0.362526
    0.362526
    0.362526
    0.362526
    0.362526
    0.362526
    0.362526
    0.362526
    0.362526
    0.362526
    0.362526
    0.362526
    0.362526
    0.362526
    0.362526
    0.362526
    0.362526
    0.362526
    0.362526
    0.362526
    0.362526
    0.362526
    0.362526
    0.362526
    0.362526
    0.362526
    0.362526
    0.362526
    0.362526
    0.362526
    0.362526
    0.362526
    0.362526
    0.362526
    0.362526
    0.362526
    0.362526
    0.362526
    0.362526
    0.362526
    0.362526
    0.362526
    0.362526
    0.362526
    0.362526
    0.362526
    0.362526
    0.362526
    0.362526
    0.362526
    0.362526
    0.362526
    0.362526
    0.362526
    0.362526
    0.362526
    0.362526
    0.362526
    0.362526
    0.362526
    0.362526
    0.362526
    0.362526
    0.362526
    0.362526
    0.362526
    0.362526
    0.362526
    0.362526
    0.362526
    0.362526
    0.362526
    0.362526
    0.362526
    0.362526
    0.362526
    0.403699
    0.362526
    0.362526
    0.362526
    0.362526
    0.362526
    0.362526
    0.362526
    0.362526
