    0.306699
    0.306699
    0.306699
    0.306699
    0.306699
    0.306699
    0.306699
    0.306699
    0.306699
    0.306699
    0.306699
    0.306699
    0.306699
    0.306699
    0.306699
    0.306699
    0.306699
    0.317167
    0.306699
    0.306699
    0.306699
    0.306699
    0.306699
    0.306699
    0.306699
    0.306699
    0.306699
    0.306699
    0.306699
    0.306699
    0.306699
    0.306699
    0.306699
    0.306699
    0.306699
    0.306699
    0.306699
    0.306699
    0.306699
    0.306699
    0.306699
    0.306699
    0.306699
    0.306699
    0.306699
    0.306699
    0.306699
    0.306699
    0.306699
    0.306699
    0.306699
    0.306699
    0.306699
    0.306699
    0.306699
    0.306699
    0.306699
    0.319958
    0.319958
    0.319958
    0.319958
    0.319958
    0.319958
    0.319958
    0.319958
    0.319958
    0.319958
    0.319958
    0.319958
    0.319958
    0.319958
    0.319958
    0.319958
    0.319958
    0.319958
    0.319958
    0.319958
    0.319958
    0.319958
    0.319958
    0.319958
    0.319958
    0.319958
    0.319958
    0.319958
    0.319958
    0.319958
    0.319958
    0.319958
    0.319958
    0.319958
    0.319958
    0.319958
    0.319958
    0.319958
    0.319958
    0.319958
    0.319958
    0.319958
    0.319958
