    0.249477
    0.299023
    0.270412
    0.270412
    0.270412
    0.270412
    0.270412
    0.225052
    0.225052
    0.225052
    0.225052
    0.225052
    0.270412
    0.270412
    0.270412
    0.270412
    0.299023
    0.299023
    0.299023
    0.299023
    0.249477
    0.249477
    0.249477
    0.299023
    0.299023
    0.299023
    0.299023
    0.299023
    0.299023
    0.299023
    0.249477
    0.249477
    0.299023
    0.299023
    0.299023
    0.249477
    0.299023
    0.299023
    0.299023
    0.299023
    0.299023
    0.249477
    0.249477
    0.299023
    0.299023
    0.249477
    0.249477
    0.299023
    0.299023
    0.299023
    0.249477
    0.249477
    0.249477
    0.249477
    0.249477
    0.249477
    0.249477
    0.249477
    0.249477
    0.249477
    0.249477
    0.249477
    0.249477
    0.249477
    0.249477
    0.249477
    0.299023
    0.299023
    0.249477
    0.299023
    0.299023
    0.299023
    0.299023
    0.299023
    0.249477
    0.249477
    0.249477
    0.249477
    0.249477
    0.249477
    0.249477
    0.249477
    0.249477
    0.249477
    0.249477
    0.249477
    0.249477
    0.249477
    0.249477
    0.249477
    0.249477
    0.249477
    0.249477
    0.249477
    0.249477
    0.249477
    0.249477
    0.249477
    0.249477
    0.249477
