    0.707606
    0.707606
    0.707606
    0.707606
    0.707606
    1.025820
    0.707606
    0.707606
    0.707606
    0.707606
    0.707606
    0.972087
    0.707606
    0.707606
    0.707606
    0.707606
    0.707606
    0.707606
    0.707606
    0.707606
    0.707606
    0.707606
    0.707606
    0.707606
    0.707606
    0.707606
    0.707606
    0.707606
    0.707606
    0.707606
    0.707606
    0.707606
    0.707606
    0.707606
    0.707606
    0.707606
    0.707606
    0.707606
    0.707606
    0.707606
    0.707606
    0.707606
    0.707606
    0.707606
    0.707606
    0.707606
    0.707606
    0.707606
    0.707606
    0.707606
    0.707606
    0.707606
    0.707606
    0.707606
    0.707606
    0.707606
    0.707606
    0.707606
    0.707606
    0.707606
    0.707606
    0.707606
    0.707606
    0.707606
    0.707606
    0.707606
    0.707606
    0.707606
    0.707606
    0.707606
    0.707606
    0.707606
    0.707606
    0.707606
    0.707606
    0.707606
    0.707606
    0.707606
    0.707606
    0.707606
    0.707606
    0.707606
    0.707606
    0.707606
    0.707606
    0.707606
    0.707606
    0.707606
    0.707606
    0.707606
    0.707606
    0.707606
    0.707606
    0.707606
    0.707606
    0.707606
    0.707606
    0.707606
    0.707606
    0.707606
