    0.686322
    0.686322
    0.686322
    0.686322
    0.774250
    0.690509
    0.690509
    0.690509
    0.690509
    0.690509
    0.690509
    0.690509
    0.690509
    0.690509
    0.690509
    0.690509
    0.690509
    0.690509
    0.690509
    0.690509
    0.690509
    0.690509
    0.690509
    0.690509
    0.781926
    0.690509
    0.774250
    0.690509
    0.774250
    0.774250
    0.690509
    0.774250
    0.777739
    0.777739
    0.686322
    0.686322
    0.777739
    0.686322
    0.686322
    0.686322
    0.686322
    0.686322
    0.686322
    0.686322
    0.686322
    0.686322
    0.686322
    0.686322
    0.686322
    0.686322
    0.686322
    0.686322
    0.686322
    0.686322
    0.686322
    0.686322
    0.686322
    0.686322
    0.686322
    0.686322
    0.777739
    0.686322
    0.686322
    0.686322
    0.777739
    0.686322
    0.686322
    0.686322
    0.686322
    0.686322
    0.686322
    0.686322
    0.686322
    0.686322
    0.686322
    0.686322
    0.686322
    0.686322
    0.686322
    0.686322
    0.686322
    0.777739
    0.686322
    0.686322
    0.686322
    0.686322
    0.686322
    0.777739
    0.686322
    0.686322
    0.686322
    0.686322
    0.686322
    0.686322
    0.686322
    0.686322
    0.777739
    0.686322
    0.686322
    0.686322
