    0.582694
    0.568737
    0.582694
    0.582694
    0.582694
    0.582694
    0.582694
    0.582694
    0.568737
    0.568737
    0.568737
    0.568737
    0.568737
    0.568737
    0.568737
    0.568737
    0.568737
    0.568737
    0.568737
    0.568737
    0.568737
    0.568737
    0.568737
    0.568737
    0.568737
    0.568737
    0.568737
    0.568737
    0.568737
    0.568737
    0.568737
    0.568737
    0.568737
    0.568737
    0.568737
    0.568737
    0.568737
    0.568737
    0.568737
    0.568737
    0.568737
    0.568737
    0.568737
    0.568737
    0.568737
    0.568737
    0.568737
    0.568737
    0.568737
    0.568737
    0.568737
    0.568737
    0.568737
    0.568737
    0.568737
    0.568737
    0.568737
    0.568737
    0.568737
    0.568737
    0.568737
    0.568737
    0.568737
    0.568737
    0.568737
    0.568737
    0.568737
    0.568737
    0.568737
    0.568737
    0.568737
    0.568737
    0.568737
    0.568737
    0.568737
    0.568737
    0.568737
    0.568737
    0.568737
    0.568737
    0.568737
    0.568737
    0.568737
    0.568737
    0.568737
    0.568737
    0.568737
    0.568737
    0.568737
    0.568737
    0.568737
    0.568737
    0.568737
    0.568737
    0.568737
    0.568737
    0.568737
    0.568737
    0.568737
    0.568737
