    0.598744
    0.598744
    0.598744
    0.598744
    0.598744
    0.598744
    0.598744
    0.598744
    0.598744
    0.598744
    0.598744
    0.577809
    0.598744
    0.577809
    0.577809
    0.598744
    0.598744
    0.577809
    0.598744
    0.598744
    0.598744
    0.577809
    0.598744
    0.598744
    0.577809
    0.577809
    0.577809
    0.577809
    0.577809
    0.598744
    0.598744
    0.598744
    0.598744
    0.598744
    0.577809
    0.577809
    0.598744
    0.598744
    0.577809
    0.577809
    0.577809
    0.598744
    0.598744
    0.598744
    0.598744
    0.577809
    0.577809
    0.598744
    0.577809
    0.598744
    0.577809
    0.577809
    0.598744
    0.577809
    0.598744
    0.598744
    0.568039
    0.598046
    0.568039
    0.598046
    0.598046
    0.598046
    0.568039
    0.568039
    0.598046
    0.598046
    0.598744
    0.598744
    0.598744
    0.598744
    0.598744
    0.598744
    0.598744
    0.598744
    0.598744
    0.598744
    0.598744
    0.577809
    0.598744
    0.598744
    0.577809
    0.568039
    0.598046
    0.598046
    0.598046
    0.598046
    0.598046
    0.598046
    0.598046
    0.598046
    0.598046
    0.598046
    0.568039
    0.598046
    0.568039
    0.598046
    0.568039
    0.598046
    0.598046
    0.598046
