    0.158060
    0.158060
    0.155967
    0.155967
    0.155967
    0.155967
    0.158060
    0.158060
    0.158060
    0.158060
    0.158060
    0.158060
    0.158060
    0.155967
    0.158060
    0.155967
    0.155967
    0.155967
    0.155967
    0.155967
    0.155967
    0.155967
    0.155967
    0.155967
    0.155967
    0.155967
    0.155967
    0.155967
    0.158060
    0.155967
    0.155967
    0.155967
    0.155967
    0.155967
    0.155967
    0.155967
    0.158060
    0.158060
    0.158060
    0.158060
    0.158060
    0.158060
    0.158060
    0.158060
    0.158060
    0.158060
    0.155967
    0.158060
    0.158060
    0.158060
    0.158060
    0.158060
    0.158060
    0.158060
    0.158060
    0.158060
    0.158060
    0.158060
    0.158060
    0.155967
    0.158060
    0.158060
    0.158060
    0.155967
    0.155967
    0.155967
    0.155967
    0.155967
    0.155967
    0.155967
    0.155967
    0.155967
    0.155967
    0.155967
    0.155967
    0.155967
    0.155967
    0.158060
    0.158060
    0.158060
    0.155967
    0.158060
    0.155967
    0.155967
    0.155967
    0.155967
    0.155967
    0.158060
    0.158060
    0.158060
    0.158060
    0.158060
    0.155967
    0.155967
    0.155967
    0.155967
    0.158060
    0.158060
    0.158060
    0.158060
