    0.526169
    0.526169
    0.526169
    0.526169
    0.526169
    0.526169
    0.526169
    0.471040
    0.526169
    0.526169
    0.526169
    0.526169
    0.526169
    0.471040
    0.526169
    0.471040
    0.526169
    0.526169
    0.526169
    0.526169
    0.526169
    0.526169
    0.526169
    0.526169
    0.526169
    0.526169
    0.526169
    0.526169
    0.526169
    0.526169
    0.526169
    0.526169
    0.526169
    0.526169
    0.526169
    0.526169
    0.526169
    0.526169
    0.526169
    0.526169
    0.526169
    0.526169
    0.526169
    0.526169
    0.526169
    0.526169
    0.471040
    0.526169
    0.526169
    0.526169
    0.526169
    0.526169
    0.526169
    0.526169
    0.526169
    0.526169
    0.526169
    0.526169
    0.526169
    0.526169
    0.526169
    0.526169
    0.526169
    0.510816
    0.510816
    0.510816
    0.510816
    0.510816
    0.510816
    0.510816
    0.510816
    0.510816
    0.466853
    0.510816
    0.466853
    0.466853
    0.510816
    0.510816
    0.510816
    0.510816
    0.510816
    0.510816
    0.510816
    0.510816
    0.510816
    0.466853
    0.510816
    0.510816
    0.466853
    0.466853
    0.466853
    0.510816
    0.510816
    0.510816
    0.510816
    0.510816
    0.510816
    0.510816
    0.466853
    0.466853
