    0.589672
    0.559665
    0.589672
    0.589672
    0.589672
    0.589672
    0.559665
    0.559665
    0.559665
    0.559665
    0.559665
    0.559665
    0.559665
    0.559665
    0.559665
    0.559665
    0.559665
    0.559665
    0.559665
    0.559665
    0.559665
    0.559665
    0.559665
    0.559665
    0.559665
    0.559665
    0.559665
    0.559665
    0.559665
    0.589672
    0.559665
    0.589672
    0.589672
    0.559665
    0.559665
    0.559665
    0.559665
    0.591766
    0.559665
    0.559665
    0.559665
    0.559665
    0.559665
    0.591766
    0.591766
    0.591766
    0.591766
    0.591766
    0.591766
    0.591766
    0.591766
    0.591766
    0.591766
    0.591766
    0.591766
    0.591766
    0.591766
    0.591766
    0.591766
    0.591766
    0.591766
    0.559665
    0.559665
    0.559665
    0.559665
    0.589672
    0.589672
    0.589672
    0.591766
    0.591766
    0.559665
    0.559665
    0.559665
    0.559665
    0.559665
    0.591766
    0.591766
    0.591766
    0.591766
    0.591766
    0.591766
    0.591766
    0.591766
    0.591766
    0.591766
    0.559665
    0.591766
    0.559665
    0.559665
    0.559665
    0.591766
    0.591766
    0.591766
    0.559665
    0.559665
    0.591766
    0.591766
    0.559665
    0.559665
    0.591766
