    0.164341
    0.169923
    0.164341
    0.164341
    0.169923
    0.169923
    0.164341
    0.169923
    0.164341
    0.162945
    0.162945
    0.162945
    0.164341
    0.164341
    0.162945
    0.162945
    0.162945
    0.174110
    0.162945
    0.174110
    0.164341
    0.164341
    0.164341
    0.164341
    0.164341
    0.164341
    0.169923
    0.169923
    0.169923
    0.164341
    0.164341
    0.169923
    0.169923
    0.164341
    0.164341
    0.164341
    0.164341
    0.164341
    0.164341
    0.164341
    0.164341
    0.164341
    0.164341
    0.164341
    0.164341
    0.164341
    0.164341
    0.169923
    0.169923
    0.169923
    0.169923
    0.169923
    0.169923
    0.169923
    0.169923
    0.169923
    0.169923
    0.169923
    0.169923
    0.164341
    0.164341
    0.169923
    0.169923
    0.169923
    0.164341
    0.164341
    0.164341
    0.164341
    0.164341
    0.164341
    0.164341
    0.164341
    0.164341
    0.164341
    0.164341
    0.164341
    0.164341
    0.164341
    0.164341
    0.164341
    0.164341
    0.164341
    0.164341
    0.164341
    0.164341
    0.164341
    0.164341
    0.164341
    0.164341
    0.164341
    0.164341
    0.164341
    0.164341
    0.164341
    0.164341
    0.164341
    0.164341
    0.164341
    0.164341
    0.164341
