    0.116539
    0.116539
    0.116539
    0.116539
    0.116539
    0.116539
    0.116539
    0.116539
    0.116539
    0.116539
    0.116539
    0.116539
    0.116539
    0.116539
    0.116539
    0.116539
    0.116539
    0.116539
    0.116539
    0.116539
    0.116539
    0.116539
    0.116539
    0.116539
    0.116539
    0.116539
    0.116539
    0.116539
    0.116539
    0.116539
    0.116539
    0.116539
    0.116539
    0.116539
    0.116539
    0.116539
    0.116539
    0.116539
    0.116539
    0.116539
    0.116539
    0.116539
    0.116539
    0.116539
    0.116539
    0.116539
    0.116539
    0.116539
    0.116539
    0.116539
    0.116539
    0.116539
    0.116539
    0.116539
    0.116539
    0.116539
    0.116539
    0.116539
    0.116539
    0.116539
    0.116539
    0.116539
    0.116539
    0.116539
    0.116539
    0.116539
    0.116539
    0.116539
    0.116539
    0.116539
    0.116539
    0.116539
    0.116539
    0.116539
    0.116539
    0.116539
    0.116539
    0.116539
    0.116539
    0.103280
    0.103280
    0.116539
    0.116539
    0.116539
    0.116539
    0.116539
    0.116539
    0.116539
    0.116539
    0.116539
    0.116539
    0.116539
    0.103280
    0.103280
    0.103280
    0.103280
    0.103280
    0.103280
    0.103280
    0.103280
