    0.224703
    0.224703
    0.224703
    0.224703
    0.224703
    0.224703
    0.224703
    0.224703
    0.224703
    0.224703
    0.224703
    0.224703
    0.224703
    0.224703
    0.224703
    0.224703
    0.224703
    0.224703
    0.224703
    0.224703
    0.224703
    0.224703
    0.224703
    0.224703
    0.224703
    0.224703
    0.224703
    0.224703
    0.224703
    0.224703
    0.224703
    0.224703
    0.224703
    0.224703
    0.224703
    0.224703
    0.224703
    0.224703
    0.224703
    0.224703
    0.224703
    0.224703
    0.224703
    0.224703
    0.224703
    0.224703
    0.224703
    0.224703
    0.224703
    0.224703
    0.224703
    0.224703
    0.224703
    0.224703
    0.224703
    0.224703
    0.224703
    0.224703
    0.200977
    0.200977
    0.200977
    0.200977
    0.200977
    0.200977
    0.200977
    0.200977
    0.200977
    0.200977
    0.200977
    0.200977
    0.200977
    0.200977
    0.200977
    0.200977
    0.200977
    0.200977
    0.200977
    0.200977
    0.200977
    0.200977
    0.200977
    0.200977
    0.200977
    0.200977
    0.200977
    0.200977
    0.200977
    0.200977
    0.200977
    0.200977
    0.200977
    0.200977
    0.200977
    0.200977
    0.200977
    0.200977
    0.200977
    0.200977
    0.200977
    0.200977
