    0.595953
    0.571528
    0.595953
    0.571528
    0.595953
    0.571528
    0.595953
    0.571528
    0.595953
    0.595953
    0.571528
    0.571528
    0.571528
    0.571528
    0.571528
    0.571528
    0.571528
    0.571528
    0.571528
    0.595953
    0.595953
    0.595953
    0.571528
    0.571528
    0.571528
    0.571528
    0.595953
    0.571528
    0.571528
    0.571528
    0.571528
    0.571528
    0.571528
    0.595953
    0.571528
    0.571528
    0.571528
    0.595953
    0.571528
    0.571528
    0.595953
    0.571528
    0.571528
    0.571528
    0.571528
    0.595953
    0.571528
    0.595953
    0.571528
    0.571528
    0.595953
    0.571528
    0.571528
    0.595953
    0.571528
    0.595953
    0.571528
    0.595953
    0.571528
    0.571528
    0.595953
    0.595953
    0.595953
    0.595953
    0.595953
    0.595953
    0.571528
    0.571528
    0.571528
    0.571528
    0.595953
    0.595953
    0.595953
    0.595953
    0.571528
    0.571528
    0.595953
    0.571528
    0.571528
    0.571528
    0.571528
    0.571528
    0.571528
    0.571528
    0.571528
    0.571528
    0.571528
    0.571528
    0.571528
    0.571528
    0.571528
    0.571528
    0.571528
    0.571528
    0.571528
    0.571528
    0.571528
    0.571528
    0.571528
    0.571528
