    0.751919
    0.751919
    0.751919
    0.751919
    0.751919
    0.751919
    0.751919
    0.751919
    0.751919
    0.751919
    0.751919
    0.751919
    0.751919
    0.751919
    0.848221
    0.751919
    0.751919
    0.848221
    0.751919
    0.751919
    0.751919
    0.751919
    0.751919
    0.751919
    0.751919
    0.751919
    0.751919
    0.848221
    0.751919
    0.848221
    0.848221
    0.751919
    0.751919
    0.751919
    0.751919
    0.751919
    0.848221
    0.751919
    0.751919
    0.751919
    0.751919
    0.751919
    0.751919
    0.751919
    0.751919
    0.751919
    0.751919
    0.751919
    0.751919
    0.848221
    0.751919
    0.751919
    0.751919
    0.751919
    0.751919
    0.751919
    0.751919
    0.751919
    0.751919
    0.751919
    0.751919
    0.751919
    0.751919
    0.751919
    0.751919
    0.751919
    0.751919
    0.751919
    0.751919
    0.751919
    0.751919
    0.751919
    0.751919
    0.751919
    0.751919
    0.751919
    0.751919
    0.751919
    0.751919
    0.848221
    0.751919
    0.751919
    0.751919
    0.751919
    0.751919
    0.751919
    0.751919
    0.848221
    0.848221
    0.751919
    0.751919
    0.751919
    0.751919
    0.751919
    0.751919
    0.848221
    0.751919
    0.751919
    0.751919
    0.751919
