    0.620726
    0.620726
    0.620726
    0.620726
    0.620726
    0.620726
    0.620726
    0.620726
    0.620726
    0.620726
    0.620726
    0.620726
    0.620726
    0.620726
    0.620726
    0.620726
    0.620726
    0.620726
    0.620726
    0.677251
    0.620726
    0.620726
    0.677251
    0.620726
    0.620726
    0.620726
    0.677251
    0.681438
    0.620726
    0.620726
    0.620726
    0.620726
    0.620726
    0.620726
    0.620726
    0.620726
    0.620726
    0.620726
    0.620726
    0.620726
    0.620726
    0.620726
    0.620726
    0.620726
    0.620726
    0.620726
    0.620726
    0.620726
    0.620726
    0.677251
    0.620726
    0.620726
    0.677251
    0.620726
    0.620726
    0.620726
    0.620726
    0.620726
    0.677251
    0.677251
    0.620726
    0.620726
    0.620726
    0.620726
    0.620726
    0.677251
    0.620726
    0.620726
    0.620726
    0.620726
    0.620726
    0.620726
    0.620726
    0.620726
    0.620726
    0.620726
    0.677251
    0.620726
    0.620726
    0.620726
    0.620726
    0.677251
    0.620726
    0.677251
    0.620726
    0.620726
    0.620726
    0.677251
    0.620726
    0.620726
    0.620726
    0.677251
    0.620726
    0.620726
    0.677251
    0.620726
    0.620726
    0.677251
    0.620726
    0.620726
