    0.667830
    0.667830
    0.667830
    0.667830
    0.667830
    0.667830
    0.667830
    0.667830
    0.667830
    0.667830
    0.667830
    0.667830
    0.667830
    0.667830
    0.667830
    0.667830
    0.667830
    0.667830
    0.667830
    0.667830
    0.667830
    0.667830
    0.667830
    0.667830
    0.667830
    0.667830
    0.667830
    0.667830
    0.667830
    0.667830
    0.667830
    0.667830
    0.667830
    0.984648
    0.667830
    0.667830
    0.667830
    0.667830
    0.667830
    0.667830
    0.667830
    0.667830
    0.667830
    0.667830
    0.667830
    0.667830
    0.667830
    0.667830
    0.667830
    0.667830
    0.667830
    0.667830
    0.667830
    0.667830
    0.667830
    0.667830
    0.667830
    0.667830
    0.667830
    0.683880
    0.683880
    0.683880
    0.683880
    0.683880
    0.683880
    0.683880
    0.683880
    0.683880
    0.667830
    0.667830
    0.667830
    0.683880
    0.667830
    0.667830
    0.667830
    0.667830
    0.667830
    0.667830
    0.667830
    0.667830
    0.667830
    0.667830
    0.667830
    0.667830
    0.667830
    0.667830
    0.667830
    0.667830
    0.667830
    0.667830
    0.667830
    0.667830
    0.667830
    0.667830
    0.683880
    0.683880
    0.683880
    0.683880
    0.683880
    0.683880
