    0.847523
    0.742847
    0.742847
    0.742847
    0.742847
    0.742847
    0.742847
    0.742847
    0.742847
    0.742847
    0.742847
    0.847523
    0.742847
    0.742847
    0.742847
    0.742847
    0.847523
    0.742847
    0.742847
    0.847523
    0.742847
    0.742847
    0.742847
    0.742847
    0.742847
    0.847523
    0.753315
    0.753315
    0.753315
    0.753315
    0.753315
    0.753315
    0.753315
    0.753315
    0.753315
    0.753315
    0.753315
    0.753315
    0.753315
    0.753315
    0.753315
    0.753315
    0.753315
    0.753315
    0.753315
    0.753315
    0.848221
    0.742847
    0.742847
    0.742847
    0.742847
    0.847523
    0.753315
    0.742847
    0.742847
    0.742847
    0.742847
    0.742847
    0.742847
    0.742847
    0.742847
    0.847523
    0.742847
    0.742847
    0.742847
    0.742847
    0.742847
    0.742847
    0.742847
    0.742847
    0.742847
    0.742847
    0.742847
    0.742847
    0.742847
    0.847523
    0.742847
    0.742847
    0.742847
    0.742847
    0.742847
    0.742847
    0.753315
    0.753315
    0.753315
    0.753315
    0.753315
    0.753315
    0.753315
    0.753315
    0.753315
    0.753315
    0.753315
    0.753315
    0.848221
    0.753315
    0.848221
    0.848221
    0.753315
    0.753315
