    0.513957
    0.513957
    0.513957
    0.513957
    0.513957
    0.513957
    0.513957
    0.513957
    0.513957
    0.513957
    0.513957
    0.513957
    0.513957
    0.513957
    0.513957
    0.513957
    0.513957
    0.513957
    0.513957
    0.533496
    0.533496
    0.533496
    0.513957
    0.513957
    0.513957
    0.513957
    0.513957
    0.513957
    0.513957
    0.513957
    0.513957
    0.513957
    0.513957
    0.513957
    0.513957
    0.513957
    0.513957
    0.513957
    0.513957
    0.513957
    0.513957
    0.513957
    0.513957
    0.513957
    0.513957
    0.513957
    0.513957
    0.513957
    0.513957
    0.513957
    0.513957
    0.513957
    0.513957
    0.513957
    0.513957
    0.513957
    0.513957
    0.513957
    0.513957
    0.513957
    0.513957
    0.513957
    0.513957
    0.513957
    0.513957
    0.513957
    0.513957
    0.513957
    0.513957
    0.513957
    0.513957
    0.513957
    0.513957
    0.513957
    0.513957
    0.513957
    0.513957
    0.513957
    0.513957
    0.513957
    0.513957
    0.513957
    0.513957
    0.513957
    0.513957
    0.513957
    0.513957
    0.513957
    0.513957
    0.513957
    0.513957
    0.513957
    0.513957
    0.513957
    0.513957
    0.513957
    0.513957
    0.513957
    0.513957
    0.513957
