    0.297976
    0.297976
    0.297976
    0.297976
    0.297976
    0.297976
    0.297976
    0.297976
    0.297976
    0.297976
    0.297976
    0.297976
    0.297976
    0.297976
    0.297976
    0.297976
    0.297976
    0.297976
    0.297976
    0.297976
    0.297976
    0.297976
    0.297976
    0.297976
    0.297976
    0.297976
    0.297976
    0.374738
    0.374738
    0.374738
    0.374738
    0.374738
    0.374738
    0.374738
    0.374738
    0.374738
    0.374738
    0.374738
    0.374738
    0.374738
    0.374738
    0.374738
    0.374738
    0.374738
    0.374738
    0.374738
    0.374738
    0.374738
    0.374738
    0.374738
    0.374738
    0.374738
    0.374738
    0.374738
    0.374738
    0.374738
    0.374738
    0.374738
    0.374738
    0.374738
    0.374738
    0.374738
    0.374738
    0.374738
    0.374738
    0.374738
    0.374738
    0.374738
    0.374738
    0.374738
    0.374738
    0.374738
    0.374738
    0.374738
    0.374738
    0.374738
    0.374738
    0.374738
    0.374738
    0.374738
    0.374738
    0.374738
    0.374738
    0.374738
    0.374738
    0.374738
    0.374738
    0.374738
    0.374738
    0.374738
    0.374738
    0.374738
    0.374738
    0.374738
    0.374738
    0.374738
    0.374738
    0.374738
    0.374738
    0.374738
