    0.223657
    0.223657
    0.223657
    0.223657
    0.223657
    0.220865
    0.220865
    0.261340
    0.261340
    0.220865
    0.261340
    0.261340
    0.261340
    0.261340
    0.261340
    0.261340
    0.261340
    0.261340
    0.261340
    0.220865
    0.220865
    0.220865
    0.261340
    0.220865
    0.261340
    0.220865
    0.261340
    0.220865
    0.220865
    0.220865
    0.220865
    0.220865
    0.220865
    0.261340
    0.261340
    0.261340
    0.220865
    0.220865
    0.220865
    0.220865
    0.220865
    0.220865
    0.220865
    0.261340
    0.261340
    0.261340
    0.261340
    0.261340
    0.261340
    0.261340
    0.261340
    0.261340
    0.261340
    0.261340
    0.220865
    0.220865
    0.261340
    0.261340
    0.261340
    0.220865
    0.220865
    0.220865
    0.220865
    0.220865
    0.220865
    0.261340
    0.220865
    0.220865
    0.220865
    0.220865
    0.220865
    0.220865
    0.220865
    0.220865
    0.261340
    0.220865
    0.220865
    0.220865
    0.239009
    0.239009
    0.239009
    0.239009
    0.239009
    0.239009
    0.273203
    0.273203
    0.273203
    0.273203
    0.273203
    0.239009
    0.239009
    0.239009
    0.239009
    0.239009
    0.273203
    0.239009
    0.239009
    0.220865
    0.261340
    0.261340
