    0.584438
    0.689114
    0.584438
    0.584438
    0.584438
    0.584438
    0.584438
    0.584438
    0.584438
    0.584438
    0.689114
    0.585136
    0.585136
    0.585136
    0.585136
    0.585136
    0.585136
    0.585136
    0.585136
    0.585136
    0.585136
    0.585136
    0.585136
    0.585136
    0.585136
    0.585136
    0.585136
    0.585136
    0.585136
    0.585136
    0.585136
    0.585136
    0.584438
    0.584438
    0.584438
    0.584438
    0.585136
    0.585136
    0.585136
    0.585136
    0.585136
    0.585136
    0.585136
    0.585136
    0.585136
    0.585136
    0.585136
    0.585136
    0.585136
    0.585136
    0.585136
    0.585136
    0.585136
    0.585136
    0.585136
    0.585136
    0.585136
    0.585136
    0.585136
    0.585136
    0.585136
    0.585136
    0.585136
    0.585136
    0.585136
    0.585136
    0.585136
    0.585136
    0.585136
    0.585136
    0.585136
    0.585136
    0.585136
    0.585136
    0.585136
    0.585136
    0.585136
    0.585136
    0.585136
    0.585136
    0.585136
    0.585136
    0.585136
    0.585136
    0.585136
    0.585136
    0.585136
    0.585136
    0.585136
    0.585136
    0.585136
    0.585136
    0.585136
    0.585136
    0.585136
    0.585136
    0.585136
    0.585136
    0.585136
    0.585136
