    0.592463
    0.592463
    0.565946
    0.565946
    0.592463
    0.565946
    0.592463
    0.592463
    0.592463
    0.592463
    0.592463
    0.592463
    0.592463
    0.592463
    0.592463
    0.592463
    0.592463
    0.592463
    0.565946
    0.565946
    0.592463
    0.592463
    0.565946
    0.565946
    0.565946
    0.565946
    0.592463
    0.592463
    0.565946
    0.592463
    0.565946
    0.592463
    0.592463
    0.592463
    0.592463
    0.592463
    0.592463
    0.565946
    0.565946
    0.565946
    0.565946
    0.592463
    0.565946
    0.565946
    0.565946
    0.565946
    0.565946
    0.592463
    0.592463
    0.592463
    0.565946
    0.565946
    0.592463
    0.592463
    0.565946
    0.565946
    0.592463
    0.592463
    0.592463
    0.592463
    0.565946
    0.592463
    0.565946
    0.592463
    0.592463
    0.592463
    0.593161
    0.561061
    0.593161
    0.593161
    0.593161
    0.593161
    0.593161
    0.561061
    0.593161
    0.565946
    0.565946
    0.565946
    0.565946
    0.565946
    0.565946
    0.592463
    0.592463
    0.592463
    0.565946
    0.593161
    0.561061
    0.561061
    0.561061
    0.593161
    0.561061
    0.593161
    0.593161
    0.593161
    0.593161
    0.593161
    0.593161
    0.593161
    0.593161
    0.593161
