    0.755757
    0.537334
    0.537334
    0.537334
    0.537334
    0.537334
    0.537334
    0.537334
    0.537334
    0.537334
    0.537334
    0.537334
    0.537334
    0.537334
    0.537334
    0.537334
    0.537334
    0.537334
    0.537334
    0.537334
    0.537334
    0.537334
    0.537334
    0.537334
    0.537334
    0.537334
    0.537334
    0.537334
    0.537334
    0.537334
    0.537334
    0.537334
    0.537334
    0.537334
    0.537334
    0.537334
    0.537334
    0.537334
    0.537334
    0.537334
    0.537334
    0.537334
    0.537334
    0.537334
    0.537334
    0.537334
    0.537334
    0.537334
    0.537334
    0.537334
    0.537334
    0.537334
    0.537334
    0.537334
    0.537334
    0.537334
    0.537334
    0.537334
    0.537334
    0.537334
    0.537334
    0.537334
    0.537334
    0.537334
    0.537334
    0.537334
    0.537334
    0.537334
    0.537334
    0.537334
    0.537334
    0.537334
    0.537334
    0.529658
    0.529658
    0.529658
    0.529658
    0.529658
    0.529658
    0.529658
    0.529658
    0.529658
    0.529658
    0.529658
    0.529658
    0.529658
    0.529658
    0.529658
    0.529658
    0.529658
    0.529658
    0.529658
    0.537334
    0.537334
    0.529658
    0.537334
    0.537334
    0.537334
    0.508723
    0.508723
