    0.176204
    0.176204
    0.176204
    0.176204
    0.185276
    0.176204
    0.176204
    0.176204
    0.176204
    0.176204
    0.176204
    0.176204
    0.176204
    0.176204
    0.176204
    0.176204
    0.185276
    0.185276
    0.176204
    0.176204
    0.185276
    0.176204
    0.185276
    0.176204
    0.176204
    0.185276
    0.176204
    0.176204
    0.176204
    0.176204
    0.185276
    0.185276
    0.176204
    0.176204
    0.185276
    0.185276
    0.176204
    0.185276
    0.176204
    0.176204
    0.176204
    0.185276
    0.185276
    0.176204
    0.185276
    0.185276
    0.176204
    0.185276
    0.185276
    0.176204
    0.176204
    0.185276
    0.176204
    0.176204
    0.176204
    0.176204
    0.185276
    0.176204
    0.176204
    0.176204
    0.185276
    0.185276
    0.190858
    0.190858
    0.190858
    0.190858
    0.176902
    0.190858
    0.190858
    0.190858
    0.190858
    0.190858
    0.190858
    0.176902
    0.176902
    0.176902
    0.190858
    0.176902
    0.176902
    0.190858
    0.176902
    0.190858
    0.176902
    0.176902
    0.176902
    0.176902
    0.190858
    0.176902
    0.176902
    0.190858
    0.176902
    0.190858
    0.176902
    0.176902
    0.176902
    0.176902
    0.190858
    0.176902
    0.176902
    0.190858
