    0.839149
    0.753315
    0.753315
    0.753315
    0.753315
    0.753315
    0.753315
    0.753315
    0.753315
    0.753315
    0.839149
    0.753315
    0.753315
    0.839149
    0.753315
    0.753315
    0.839149
    0.753315
    0.839149
    0.753315
    0.839149
    0.839149
    0.753315
    0.753315
    0.839149
    0.753315
    0.753315
    0.839149
    0.834962
    0.735869
    0.839149
    0.753315
    0.839149
    0.839149
    0.839149
    0.753315
    0.753315
    0.753315
    0.753315
    0.753315
    0.753315
    0.753315
    0.753315
    0.753315
    0.753315
    0.753315
    0.753315
    0.753315
    0.753315
    0.753315
    0.753315
    0.753315
    0.753315
    0.839149
    0.753315
    0.753315
    0.753315
    0.753315
    0.753315
    0.753315
    0.753315
    0.753315
    0.753315
    0.753315
    0.753315
    0.839149
    0.753315
    0.753315
    0.753315
    0.839149
    0.839149
    0.839149
    0.839149
    0.735869
    0.735869
    0.735869
    0.735869
    0.735869
    0.735869
    0.834962
    0.735869
    0.735869
    0.834962
    0.735869
    0.735869
    0.834962
    0.735869
    0.735869
    0.735869
    0.735869
    0.834962
    0.735869
    0.834962
    0.735869
    0.735869
    0.834962
    0.834962
    0.735869
    0.735869
    0.735869
