    0.699581
    0.699581
    0.699581
    0.699581
    0.699581
    0.784717
    0.784717
    0.699581
    0.699581
    0.699581
    0.699581
    0.699581
    0.699581
    0.784717
    0.784717
    0.699581
    0.699581
    0.699581
    0.699581
    0.699581
    0.699581
    0.699581
    0.699581
    0.699581
    0.699581
    0.699581
    0.699581
    0.784717
    0.699581
    0.699581
    0.784717
    0.699581
    0.699581
    0.699581
    0.699581
    0.699581
    0.699581
    0.699581
    0.699581
    0.699581
    0.699581
    0.699581
    0.699581
    0.699581
    0.699581
    0.699581
    0.699581
    0.699581
    0.699581
    0.699581
    0.699581
    0.699581
    0.699581
    0.699581
    0.784717
    0.699581
    0.784717
    0.699581
    0.784717
    0.784717
    0.699581
    0.699581
    0.699581
    0.699581
    0.699581
    0.699581
    0.699581
    0.699581
    0.784717
    0.699581
    0.699581
    0.699581
    0.784717
    0.699581
    0.784717
    0.784717
    0.699581
    0.699581
    0.784717
    0.709351
    0.779833
    0.709351
    0.709351
    0.709351
    0.709351
    0.709351
    0.779833
    0.709351
    0.709351
    0.709351
    0.709351
    0.709351
    0.779833
    0.709351
    0.709351
    0.709351
    0.709351
    0.709351
    0.709351
    0.709351
