    0.553385
    0.553385
    0.553385
    0.554082
    0.489184
    0.553385
    0.489184
    0.489184
    0.489184
    0.489184
    0.489184
    0.553385
    0.553385
    0.553385
    0.550593
    0.501745
    0.501745
    0.501745
    0.544313
    0.501745
    0.550593
    0.501745
    0.544313
    0.544313
    0.544313
    0.544313
    0.544313
    0.544313
    0.544313
    0.544313
    0.544313
    0.501745
    0.489184
    0.544313
    0.550593
    0.501745
    0.553385
    0.553385
    0.553385
    0.554082
    0.489184
    0.553385
    0.489184
    0.489184
    0.501745
    0.501745
    0.501745
    0.501745
    0.544313
    0.501745
    0.501745
    0.501745
    0.501745
    0.501745
    0.544313
    0.544313
    0.544313
    0.501745
    0.550593
    0.550593
    0.544313
    0.544313
    0.544313
    0.501745
    0.544313
    0.501745
    0.544313
    0.501745
    0.544313
    0.544313
    0.501745
    0.544313
    0.544313
    0.544313
    0.501745
    0.544313
    0.501745
    0.544313
    0.544313
    0.501745
    0.501745
    0.544313
    0.544313
    0.501745
    0.544313
    0.501745
    0.544313
    0.544313
    0.544313
    0.544313
    0.544313
    0.544313
    0.544313
    0.544313
    0.544313
    0.501745
    0.550593
    0.544313
    0.544313
    0.501745
