    0.551989
    0.505932
    0.505932
    0.505932
    0.505932
    0.505932
    0.505932
    0.505932
    0.551989
    0.551989
    0.551989
    0.551989
    0.551989
    0.551989
    0.551989
    0.551989
    0.551989
    0.551989
    0.551989
    0.501745
    0.501745
    0.501745
    0.501745
    0.501745
    0.501745
    0.501745
    0.551989
    0.551989
    0.551989
    0.551989
    0.551989
    0.551989
    0.551989
    0.551989
    0.551989
    0.501745
    0.551989
    0.501745
    0.501745
    0.501745
    0.551989
    0.551989
    0.551989
    0.551989
    0.551989
    0.551989
    0.551989
    0.551989
    0.551989
    0.551989
    0.551989
    0.551989
    0.501745
    0.501745
    0.501745
    0.501745
    0.501745
    0.501745
    0.501745
    0.501745
    0.501745
    0.501745
    0.501745
    0.501745
    0.501745
    0.501745
    0.501745
    0.551989
    0.501745
    0.551989
    0.551989
    0.501745
    0.551989
    0.501745
    0.551989
    0.501745
    0.551989
    0.501745
    0.501745
    0.501745
    0.501745
    0.501745
    0.501745
    0.501745
    0.501745
    0.551989
    0.551989
    0.551989
    0.551989
    0.501745
    0.551989
    0.551989
    0.551989
    0.551989
    0.551989
    0.551989
    0.551989
    0.551989
    0.551989
    0.551989
