    0.598744
    0.572226
    0.572226
    0.572226
    0.572226
    0.572226
    0.572226
    0.572226
    0.572226
    0.572226
    0.572226
    0.572226
    0.572226
    0.572226
    0.572226
    0.572226
    0.572226
    0.572226
    0.572226
    0.572226
    0.572226
    0.572226
    0.572226
    0.572226
    0.572226
    0.572226
    0.572226
    0.572226
    0.572226
    0.572226
    0.572226
    0.572226
    0.572226
    0.572226
    0.572226
    0.572226
    0.572226
    0.572226
    0.572226
    0.598744
    0.572226
    0.572226
    0.572226
    0.572226
    0.572226
    0.572226
    0.572226
    0.572226
    0.572226
    0.572226
    0.572226
    0.572226
    0.572226
    0.572226
    0.598744
    0.572226
    0.598744
    0.572226
    0.572226
    0.572226
    0.572226
    0.572226
    0.572226
    0.572226
    0.572226
    0.572226
    0.572226
    0.598744
    0.572226
    0.572226
    0.598744
    0.572226
    0.572226
    0.598744
    0.572226
    0.572226
    0.598744
    0.572226
    0.572226
    0.598744
    0.572226
    0.598744
    0.572226
    0.598744
    0.572226
    0.598744
    0.572226
    0.572226
    0.572226
    0.572226
    0.572226
    0.598744
    0.598744
    0.572226
    0.572226
    0.598744
    0.598744
    0.572226
    0.598744
    0.572226
