    0.542219
    0.480112
    0.480112
    0.480112
    0.480112
    0.480112
    0.542219
    0.542219
    0.480112
    0.480112
    0.480112
    0.542219
    0.542219
    0.542219
    0.480112
    0.480112
    0.542219
    0.480112
    0.542219
    0.480112
    0.480112
    0.542219
    0.542219
    0.542219
    0.480112
    0.480112
    0.480112
    0.480112
    0.542219
    0.480112
    0.542219
    0.542219
    0.542219
    0.480112
    0.542219
    0.542219
    0.542219
    0.542219
    0.542219
    0.542219
    0.542219
    0.480112
    0.480112
    0.480112
    0.542219
    0.480112
    0.542219
    0.542219
    0.542219
    0.542219
    0.542219
    0.480112
    0.480112
    0.480112
    0.480112
    0.542219
    0.542219
    0.542219
    0.480112
    0.542219
    0.542219
    0.542219
    0.480112
    0.480112
    0.480112
    0.480112
    0.480112
    0.480112
    0.480112
    0.480112
    0.480112
    0.480112
    0.480112
    0.480112
    0.480112
    0.542219
    0.480112
    0.542219
    0.542219
    0.542219
    0.542219
    0.480112
    0.480112
    0.480112
    0.542219
    0.542219
    0.480112
    0.480112
    0.480112
    0.542219
    0.542219
    0.480112
    0.480112
    0.480112
    0.480112
    0.480112
    0.480112
    0.480112
    0.480112
    0.542219
