    0.634334
    0.634334
    0.634334
    0.634334
    0.634334
    0.634334
    0.634334
    0.634334
    0.634334
    0.634334
    0.634334
    0.634334
    0.634334
    0.634334
    0.634334
    0.634334
    0.634334
    0.634334
    0.634334
    0.634334
    0.634334
    0.634334
    0.634334
    0.634334
    0.634334
    0.634334
    0.634334
    0.634334
    0.634334
    0.634334
    0.634334
    0.634334
    0.634334
    0.634334
    0.634334
    0.634334
    0.634334
    0.634334
    0.634334
    0.634334
    0.634334
    0.634334
    0.634334
    0.634334
    0.634334
    0.634334
    0.634334
    0.634334
    0.634334
    0.634334
    0.634334
    0.634334
    0.634334
    0.634334
    0.634334
    0.634334
    0.634334
    0.634334
    0.634334
    0.634334
    0.634334
    0.634334
    0.634334
    0.634334
    0.634334
    0.634334
    0.634334
    0.634334
    0.634334
    0.634334
    0.634334
    0.634334
    0.634334
    0.634334
    0.634334
    0.634334
    0.634334
    0.634334
    0.634334
    0.634334
    0.634334
    0.634334
    0.634334
    0.634334
    0.634334
    0.634334
    0.634334
    0.642010
    0.642010
    0.642010
    0.634334
    0.634334
    0.634334
    0.634334
    0.634334
    0.634334
    0.634334
    0.634334
    0.634334
    0.634334
