    0.731682
    0.731682
    0.731682
    0.731682
    0.731682
    0.824494
    0.731682
    0.731682
    0.824494
    0.731682
    0.824494
    0.731682
    0.824494
    0.824494
    0.731682
    0.731682
    0.824494
    0.731682
    0.731682
    0.731682
    0.824494
    0.824494
    0.731682
    0.824494
    0.731682
    0.824494
    0.731682
    0.731682
    0.731682
    0.731682
    0.731682
    0.731682
    0.731682
    0.731682
    0.824494
    0.731682
    0.731682
    0.731682
    0.731682
    0.824494
    0.731682
    0.731682
    0.824494
    0.731682
    0.824494
    0.731682
    0.824494
    0.824494
    0.731682
    0.824494
    0.731682
    0.731682
    0.731682
    0.731682
    0.731682
    0.824494
    0.731682
    0.731682
    0.824494
    0.731682
    0.731682
    0.731682
    0.824494
    0.731682
    0.731682
    0.731682
    0.824494
    0.731682
    0.731682
    0.824494
    0.731682
    0.731682
    0.824494
    0.731682
    0.731682
    0.824494
    0.824494
    0.731682
    0.731682
    0.824494
    0.731682
    0.731682
    0.731682
    0.731682
    0.731682
    0.731682
    0.731682
    0.824494
    0.731682
    0.731682
    0.731682
    0.731682
    0.731682
    0.731682
    0.731682
    0.731682
    0.731682
    0.731682
    0.731682
    0.731682
