    0.836357
    0.836357
    0.836357
    0.836357
    0.836357
    0.748430
    0.835659
    0.836357
    0.748430
    0.836357
    0.748430
    0.748430
    0.748430
    0.748430
    0.835659
    0.835659
    0.835659
    0.835659
    0.748430
    0.748430
    0.748430
    0.748430
    0.835659
    0.748430
    0.835659
    0.836357
    0.748430
    0.836357
    0.748430
    0.748430
    0.748430
    0.748430
    0.748430
    0.748430
    0.836357
    0.835659
    0.748430
    0.748430
    0.748430
    0.835659
    0.748430
    0.836357
    0.748430
    0.748430
    0.748430
    0.835659
    0.748430
    0.748430
    0.748430
    0.748430
    0.836357
    0.748430
    0.836357
    0.836357
    0.748430
    0.748430
    0.836357
    0.748430
    0.748430
    0.748430
    0.835659
    0.836357
    0.836357
    0.748430
    0.836357
    0.748430
    0.748430
    0.748430
    0.836357
    0.836357
    0.836357
    0.836357
    0.748430
    0.836357
    0.836357
    0.748430
    0.748430
    0.835659
    0.748430
    0.748430
    0.835659
    0.748430
    0.748430
    0.748430
    0.748430
    0.748430
    0.836357
    0.836357
    0.836357
    0.748430
    0.836357
    0.836357
    0.835659
    0.835659
    0.748430
    0.748430
    0.835659
    0.748430
    0.836357
    0.836357
