    0.443824
    0.443824
    0.443824
    0.443824
    0.443824
    0.443824
    0.443824
    0.443824
    0.443824
    0.443824
    0.443824
    0.443824
    0.443824
    0.443824
    0.443824
    0.443824
    0.443824
    0.443824
    0.443824
    0.443824
    0.443824
    0.443824
    0.443824
    0.443824
    0.443824
    0.443824
    0.443824
    0.443824
    0.443824
    0.443824
    0.443824
    0.443824
    0.443824
    0.443824
    0.443824
    0.443824
    0.443824
    0.443824
    0.443824
    0.443824
    0.443824
    0.443824
    0.429867
    0.429867
    0.429867
    0.429867
    0.429867
    0.429867
    0.429867
    0.429867
    0.429867
    0.429867
    0.429867
    0.429867
    0.429867
    0.429867
    0.429867
    0.429867
    0.429867
    0.429867
    0.429867
    0.429867
    0.429867
    0.429867
    0.429867
    0.443824
    0.443824
    0.443824
    0.429867
    0.429867
    0.429867
    0.429867
    0.429867
    0.429867
    0.429867
    0.429867
    0.429867
    0.429867
    0.429867
    0.429867
    0.429867
    0.429867
    0.429867
    0.429867
    0.429867
    0.429867
    0.429867
    0.429867
    0.429867
    0.429867
    0.429867
    0.429867
    0.429867
    0.429867
    0.429867
    0.429867
    0.429867
    0.429867
    0.429867
    0.429867
