    0.665038
    0.665038
    0.665038
    0.665038
    0.665038
    0.665038
    0.665038
    0.665038
    0.665038
    0.665038
    0.665038
    0.665038
    0.665038
    0.665038
    0.665038
    0.665038
    0.665038
    0.665038
    0.665038
    0.665038
    0.665038
    0.665038
    0.665038
    0.665038
    0.665038
    0.665038
    0.665038
    0.665038
    0.665038
    0.665038
    0.665038
    0.665038
    0.665038
    0.665038
    0.665038
    0.665038
    0.665038
    0.665038
    0.665038
    0.665038
    0.665038
    0.665038
    0.665038
    0.665038
    0.665038
    0.665038
    0.665038
    0.665038
    0.665038
    0.665038
    0.665038
    0.665038
    0.665038
    0.665038
    0.665038
    0.665038
    0.665038
    0.665038
    0.665038
    0.675506
    0.675506
    0.675506
    0.675506
    0.675506
    0.675506
    0.675506
    0.675506
    0.675506
    0.675506
    0.675506
    0.675506
    0.675506
    0.675506
    0.675506
    0.675506
    0.675506
    0.675506
    0.675506
    0.675506
    0.675506
    0.675506
    0.675506
    0.675506
    0.675506
    1.024424
    0.675506
    0.675506
    0.675506
    0.675506
    0.675506
    0.675506
    0.675506
    0.675506
    0.675506
    0.675506
    0.675506
    0.675506
    0.675506
    0.675506
    0.675506
