    0.160154
    0.169923
    0.160154
    0.160154
    0.160154
    0.160154
    0.160154
    0.160154
    0.169923
    0.169923
    0.169923
    0.169923
    0.169923
    0.169923
    0.169923
    0.169923
    0.169923
    0.169923
    0.169923
    0.160154
    0.160154
    0.169923
    0.160154
    0.169923
    0.169923
    0.169923
    0.160154
    0.160154
    0.160154
    0.160154
    0.169923
    0.160154
    0.160154
    0.160154
    0.160154
    0.160154
    0.160154
    0.160154
    0.169923
    0.160154
    0.160154
    0.160154
    0.160154
    0.160154
    0.160154
    0.160154
    0.160154
    0.160154
    0.160154
    0.160154
    0.160154
    0.160154
    0.160154
    0.160154
    0.160154
    0.160154
    0.160154
    0.160154
    0.160154
    0.160154
    0.160154
    0.160154
    0.160154
    0.160154
    0.160154
    0.169923
    0.169923
    0.169923
    0.160154
    0.169923
    0.169923
    0.160154
    0.160154
    0.160154
    0.160154
    0.160154
    0.160154
    0.169923
    0.169923
    0.169923
    0.164341
    0.160154
    0.160154
    0.160154
    0.160154
    0.160154
    0.160154
    0.160154
    0.160154
    0.160154
    0.160154
    0.160154
    0.160154
    0.160154
    0.160154
    0.160154
    0.160154
    0.160154
    0.160154
    0.160154
