    0.900209
    0.506629
    0.506629
    0.900209
    0.900209
    0.900209
    0.506629
    0.900209
    0.900209
    0.506629
    0.506629
    0.506629
    0.900209
    0.900209
    0.506629
    0.506629
    0.506629
    0.506629
    0.506629
    0.506629
    0.506629
    0.900209
    0.506629
    0.506629
    0.506629
    0.900209
    0.506629
    0.506629
    0.506629
    0.506629
    0.506629
    0.506629
    0.506629
    0.506629
    0.506629
    0.506629
    0.506629
    0.506629
    0.506629
    0.506629
    0.506629
    0.506629
    0.506629
    0.506629
    0.506629
    0.506629
    0.506629
    0.506629
    0.506629
    0.506629
    0.506629
    0.506629
    0.506629
    0.506629
    0.900209
    0.506629
    0.506629
    0.506629
    0.506629
    0.506629
    0.506629
    0.506629
    0.506629
    0.900209
    0.506629
    0.506629
    0.506629
    0.506629
    0.900209
    0.900209
    0.506629
    0.506629
    0.506629
    0.506629
    0.506629
    0.506629
    0.506629
    0.506629
    0.506629
    0.506629
    0.506629
    0.506629
    0.506629
    0.506629
    0.506629
    0.506629
    0.506629
    0.506629
    0.506629
    0.506629
    0.506629
    0.506629
    0.506629
    0.506629
    0.900209
    0.900209
    0.506629
    0.506629
    0.506629
    0.506629
