    0.998604
    0.998604
    0.632938
    0.632938
    0.632938
    0.632938
    0.632938
    0.632938
    0.632938
    0.632938
    0.998604
    0.632938
    0.632938
    0.632938
    0.632938
    0.647592
    0.975576
    0.647592
    0.647592
    0.647592
    0.647592
    0.647592
    0.647592
    0.647592
    0.647592
    0.647592
    0.647592
    0.647592
    0.647592
    0.647592
    0.647592
    0.647592
    0.647592
    0.647592
    0.647592
    0.647592
    0.647592
    0.647592
    0.647592
    0.647592
    0.647592
    0.647592
    0.647592
    0.647592
    0.647592
    0.647592
    0.647592
    0.647592
    0.647592
    0.647592
    0.647592
    0.647592
    0.647592
    0.647592
    0.647592
    0.647592
    0.647592
    0.647592
    0.647592
    0.647592
    0.647592
    0.647592
    0.647592
    0.647592
    0.647592
    0.647592
    0.647592
    0.647592
    0.647592
    0.647592
    0.647592
    0.647592
    0.647592
    0.647592
    0.647592
    0.647592
    0.647592
    0.647592
    0.647592
    0.647592
    0.647592
    0.647592
    0.647592
    0.647592
    0.647592
    0.647592
    0.647592
    0.647592
    0.647592
    0.647592
    0.647592
    0.647592
    0.647592
    0.647592
    0.647592
    0.647592
    0.647592
    0.647592
    0.647592
    0.647592
