    0.580600
    0.580600
    0.580600
    0.580600
    0.580600
    0.525471
    0.525471
    0.580600
    0.525471
    0.525471
    0.525471
    0.525471
    0.525471
    0.525471
    0.525471
    0.580600
    0.580600
    0.525471
    0.525471
    0.580600
    0.525471
    0.580600
    0.580600
    0.525471
    0.525471
    0.580600
    0.525471
    0.580600
    0.580600
    0.525471
    0.525471
    0.580600
    0.580600
    0.525471
    0.525471
    0.580600
    0.525471
    0.525471
    0.525471
    0.525471
    0.525471
    0.525471
    0.525471
    0.580600
    0.525471
    0.525471
    0.525471
    0.525471
    0.580600
    0.580600
    0.580600
    0.580600
    0.580600
    0.580600
    0.580600
    0.580600
    0.580600
    0.580600
    0.580600
    0.525471
    0.525471
    0.580600
    0.525471
    0.580600
    0.580600
    0.525471
    0.580600
    0.525471
    0.580600
    0.525471
    0.525471
    0.525471
    0.580600
    0.525471
    0.525471
    0.525471
    0.525471
    0.525471
    0.525471
    0.525471
    0.580600
    0.580600
    0.580600
    0.580600
    0.580600
    0.580600
    0.580600
    0.580600
    0.570133
    0.570133
    0.533147
    0.533147
    0.533147
    0.570133
    0.533147
    0.580600
    0.570133
    0.533147
    0.580600
    0.525471
