    0.521284
    0.521284
    0.521284
    0.521284
    0.521284
    0.521284
    0.521284
    0.471040
    0.521284
    0.471040
    0.521284
    0.521284
    0.521284
    0.521284
    0.521284
    0.521284
    0.521284
    0.521284
    0.521284
    0.521284
    0.521284
    0.521284
    0.517795
    0.517795
    0.471040
    0.471040
    0.517795
    0.471040
    0.471040
    0.471040
    0.471040
    0.471040
    0.471040
    0.471040
    0.471040
    0.471040
    0.471040
    0.471040
    0.471040
    0.471040
    0.471040
    0.471040
    0.471040
    0.471040
    0.471040
    0.459874
    0.459874
    0.459874
    0.459874
    0.459874
    0.459874
    0.459874
    0.459874
    0.459874
    0.459874
    0.459874
    0.459874
    0.459874
    0.459874
    0.459874
    0.459874
    0.459874
    0.459874
    0.459874
    0.459874
    0.459874
    0.459874
    0.459874
    0.459874
    0.459874
    0.459874
    0.459874
    0.459874
    0.459874
    0.459874
    0.459874
    0.459874
    0.459874
    0.459874
    0.459874
    0.459874
    0.459874
    0.459874
    0.459874
    0.459874
    0.459874
    0.459874
    0.459874
    0.459874
    0.459874
    0.459874
    0.459874
    0.459874
    0.459874
    0.459874
    0.459874
    0.459874
    0.459874
    0.459874
    0.459874
