    0.525471
    0.525471
    0.525471
    0.564550
    0.564550
    0.564550
    0.525471
    0.564550
    0.564550
    0.525471
    0.525471
    0.564550
    0.525471
    0.525471
    0.564550
    0.564550
    0.564550
    0.564550
    0.525471
    0.525471
    0.525471
    0.525471
    0.525471
    0.564550
    0.525471
    0.564550
    0.564550
    0.564550
    0.564550
    0.564550
    0.525471
    0.525471
    0.525471
    0.525471
    0.525471
    0.525471
    0.525471
    0.525471
    0.525471
    0.525471
    0.564550
    0.564550
    0.525471
    0.525471
    0.525471
    0.525471
    0.564550
    0.564550
    0.525471
    0.564550
    0.525471
    0.525471
    0.525471
    0.525471
    0.525471
    0.525471
    0.564550
    0.564550
    0.525471
    0.525471
    0.564550
    0.564550
    0.564550
    0.564550
    0.564550
    0.564550
    0.564550
    0.564550
    0.564550
    0.564550
    0.564550
    0.564550
    0.564550
    0.564550
    0.564550
    0.564550
    0.525471
    0.564550
    0.525471
    0.525471
    0.564550
    0.525471
    0.564550
    0.564550
    0.564550
    0.525471
    0.564550
    0.525471
    0.525471
    0.525471
    0.564550
    0.564550
    0.564550
    0.569435
    0.569435
    0.519191
    0.569435
    0.569435
    0.569435
    0.569435
