    0.561061
    0.521284
    0.561061
    0.561061
    0.521284
    0.561061
    0.561061
    0.561061
    0.521284
    0.521284
    0.521284
    0.561061
    0.521284
    0.521284
    0.561061
    0.561061
    0.521284
    0.521284
    0.521284
    0.561061
    0.561061
    0.561061
    0.561061
    0.561061
    0.521284
    0.521284
    0.521284
    0.561061
    0.561061
    0.561061
    0.561061
    0.561061
    0.521284
    0.521284
    0.521284
    0.561061
    0.561061
    0.561061
    0.521284
    0.521284
    0.521284
    0.561061
    0.561061
    0.561061
    0.561061
    0.521284
    0.561061
    0.521284
    0.521284
    0.521284
    0.521284
    0.521284
    0.521284
    0.521284
    0.521284
    0.521284
    0.521284
    0.561061
    0.521284
    0.521284
    0.521284
    0.561061
    0.561061
    0.561061
    0.521284
    0.521284
    0.521284
    0.521284
    0.521284
    0.521284
    0.521284
    0.561061
    0.521284
    0.521284
    0.561061
    0.521284
    0.521284
    0.521284
    0.561061
    0.521284
    0.521284
    0.521284
    0.561061
    0.521284
    0.561061
    0.561061
    0.561061
    0.561061
    0.521284
    0.521284
    0.521284
    0.521284
    0.561061
    0.561061
    0.521284
    0.561061
    0.561061
    0.561061
    0.561061
    0.561061
