    0.551291
    0.551291
    0.854850
    0.551291
    0.551291
    0.551291
    0.551291
    0.551291
    0.551291
    0.551291
    0.551291
    0.551291
    0.551291
    0.551291
    0.551291
    0.551291
    0.854850
    0.854850
    0.551291
    0.551291
    0.551291
    0.551291
    0.551291
    0.551291
    0.854850
    0.551291
    0.551291
    0.551291
    0.551291
    0.551291
    0.551291
    0.551291
    0.551291
    0.551291
    0.551291
    0.551291
    0.551291
    0.551291
    0.551291
    0.551291
    0.551291
    0.551291
    0.551291
    0.551291
    0.551291
    0.551291
    0.551291
    0.551291
    0.551291
    0.551291
    0.551291
    0.551291
    0.854850
    0.551291
    0.854850
    0.551291
    0.551291
    0.551291
    0.551291
    0.551291
    0.854850
    0.551291
    0.551291
    0.551291
    0.551291
    0.551291
    0.551291
    0.551291
    0.551291
    0.551291
    0.854850
    0.551291
    0.551291
    0.512212
    0.512212
    0.512212
    0.512212
    0.512212
    0.512212
    0.512212
    0.512212
    0.512212
    0.843685
    0.854850
    0.551291
    0.551291
    0.854850
    0.551291
    0.551291
    0.551291
    0.551291
    0.551291
    0.551291
    0.551291
    0.551291
    0.551291
    0.551291
    0.551291
    0.551291
    0.854850
