    0.711445
    0.711445
    0.711445
    0.711445
    0.711445
    0.711445
    0.711445
    0.711445
    0.784717
    0.711445
    0.711445
    0.711445
    0.711445
    0.784717
    0.705862
    0.705862
    0.787509
    0.784717
    0.711445
    0.711445
    0.711445
    0.711445
    0.711445
    0.711445
    0.711445
    0.711445
    0.711445
    0.711445
    0.784717
    0.711445
    0.711445
    0.784717
    0.711445
    0.711445
    0.711445
    0.711445
    0.711445
    0.711445
    0.711445
    0.711445
    0.711445
    0.711445
    0.711445
    0.711445
    0.711445
    0.711445
    0.711445
    0.711445
    0.711445
    0.711445
    0.711445
    0.711445
    0.711445
    0.784717
    0.784717
    0.784717
    0.784717
    0.711445
    0.711445
    0.784717
    0.711445
    0.711445
    0.784717
    0.711445
    0.711445
    0.711445
    0.784717
    0.784717
    0.711445
    0.784717
    0.711445
    0.711445
    0.711445
    0.711445
    0.711445
    0.784717
    0.711445
    0.711445
    0.711445
    0.711445
    0.784717
    0.711445
    0.711445
    0.711445
    0.711445
    0.711445
    0.711445
    0.711445
    0.711445
    0.711445
    0.784717
    0.711445
    0.711445
    0.711445
    0.711445
    0.711445
    0.711445
    0.711445
    0.711445
    0.784717
