    0.583391
    0.529658
    0.583391
    0.529658
    0.583391
    0.529658
    0.529658
    0.583391
    0.529658
    0.583391
    0.583391
    0.529658
    0.529658
    0.583391
    0.575017
    0.575017
    0.575017
    0.538730
    0.538730
    0.575017
    0.538730
    0.538730
    0.575017
    0.575017
    0.538730
    0.575017
    0.575017
    0.538730
    0.575017
    0.538730
    0.538730
    0.575017
    0.538730
    0.575017
    0.575017
    0.575017
    0.538730
    0.538730
    0.575017
    0.538730
    0.575017
    0.575017
    0.538730
    0.538730
    0.575017
    0.538730
    0.575017
    0.538730
    0.575017
    0.575017
    0.575017
    0.538730
    0.538730
    0.538730
    0.575017
    0.575017
    0.538730
    0.538730
    0.538730
    0.575017
    0.538730
    0.538730
    0.575017
    0.538730
    0.538730
    0.575017
    0.575017
    0.538730
    0.575017
    0.538730
    0.538730
    0.575017
    0.538730
    0.538730
    0.575017
    0.575017
    0.575017
    0.538730
    0.575017
    0.538730
    0.575017
    0.538730
    0.538730
    0.538730
    0.538730
    0.538730
    0.575017
    0.575017
    0.575017
    0.575017
    0.575017
    0.575017
    0.575017
    0.575017
    0.538730
    0.538730
    0.538730
    0.538730
    0.575017
    0.575017
