    0.742847
    0.742847
    0.742847
    0.742847
    0.742847
    0.742847
    0.742847
    0.742847
    0.844731
    0.742847
    0.742847
    0.742847
    0.742847
    0.742847
    0.742847
    0.742847
    0.742847
    0.742847
    0.742847
    0.742847
    0.742847
    0.742847
    0.742847
    0.742847
    0.742847
    0.742847
    0.742847
    0.742847
    0.844731
    0.742847
    0.742847
    0.742847
    0.742847
    0.742847
    0.742847
    0.742847
    0.742847
    0.742847
    0.742847
    0.742847
    0.742847
    0.742847
    0.742847
    0.742847
    0.742847
    0.742847
    0.845429
    0.846825
    0.735869
    0.735869
    0.735869
    0.735869
    0.735869
    0.735869
    0.735869
    0.735869
    0.846825
    0.735869
    0.735869
    0.735869
    0.735869
    0.735869
    0.735869
    0.846825
    0.846825
    0.735869
    0.846825
    0.735869
    0.846825
    0.735869
    0.846825
    0.735869
    0.735869
    0.846825
    0.844731
    0.742847
    0.735869
    0.846825
    0.742847
    0.742847
    0.742847
    0.844731
    0.742847
    0.742847
    0.742847
    0.844731
    0.742847
    0.742847
    0.735869
    0.846825
    0.735869
    0.735869
    0.735869
    0.846825
    0.735869
    0.735869
    0.735869
    0.846825
    0.735869
    0.735869
