    0.563154
    0.514306
    0.514306
    0.514306
    0.514306
    0.563154
    0.514306
    0.514306
    0.514306
    0.514306
    0.514306
    0.514306
    0.514306
    0.514306
    0.514306
    0.514306
    0.514306
    0.514306
    0.514306
    0.514306
    0.514306
    0.514306
    0.514306
    0.514306
    0.514306
    0.514306
    0.514306
    0.514306
    0.514306
    0.514306
    0.514306
    0.514306
    0.514306
    0.514306
    0.514306
    0.514306
    0.514306
    0.514306
    0.514306
    0.514306
    0.514306
    0.514306
    0.514306
    0.514306
    0.514306
    0.514306
    0.514306
    0.514306
    0.514306
    0.514306
    0.514306
    0.514306
    0.514306
    0.514306
    0.514306
    0.514306
    0.514306
    0.514306
    0.514306
    0.514306
    0.514306
    0.514306
    0.514306
    0.514306
    0.514306
    0.514306
    0.514306
    0.514306
    0.514306
    0.514306
    0.514306
    0.514306
    0.514306
    0.514306
    0.514306
    0.514306
    0.514306
    0.514306
    0.514306
    0.514306
    0.514306
    0.514306
    0.514306
    0.514306
    0.514306
    0.514306
    0.514306
    0.514306
    0.514306
    0.514306
    0.514306
    0.514306
    0.514306
    0.514306
    0.514306
    0.514306
    0.514306
    0.514306
    0.514306
    0.514306
