    0.731682
    0.731682
    0.731682
    0.731682
    0.731682
    0.731682
    0.731682
    0.731682
    0.731682
    0.731682
    0.844033
    0.731682
    0.731682
    0.844033
    0.844033
    0.731682
    0.731682
    0.844033
    0.731682
    0.844033
    0.844033
    0.731682
    0.844033
    0.731682
    0.731682
    0.731682
    0.844033
    0.731682
    0.731682
    0.731682
    0.844033
    0.731682
    0.731682
    0.731682
    0.844033
    0.731682
    0.731682
    0.731682
    0.731682
    0.731682
    0.731682
    0.844033
    0.731682
    0.844033
    0.731682
    0.731682
    0.844033
    0.731682
    0.731682
    0.731682
    0.731682
    0.731682
    0.731682
    0.844033
    0.731682
    0.731682
    0.731682
    0.731682
    0.844033
    0.731682
    0.731682
    0.731682
    0.731682
    0.731682
    0.731682
    0.731682
    0.844033
    0.844033
    0.731682
    0.731682
    0.844033
    0.731682
    0.731682
    0.731682
    0.731682
    0.731682
    0.731682
    0.844033
    0.731682
    0.731682
    0.844033
    0.731682
    0.731682
    0.731682
    0.731682
    0.844033
    0.731682
    0.731682
    0.731682
    0.731682
    0.731682
    0.731682
    0.844033
    0.731682
    0.731682
    0.746336
    0.746336
    0.842638
    0.746336
    0.842638
