    0.738660
    0.837753
    0.738660
    0.738660
    0.738660
    0.738660
    0.738660
    0.738660
    0.738660
    0.738660
    0.738660
    0.738660
    0.738660
    0.738660
    0.738660
    0.738660
    0.738660
    0.738660
    0.738660
    0.837753
    0.738660
    0.837055
    0.738660
    0.738660
    0.738660
    0.738660
    0.738660
    0.738660
    0.738660
    0.738660
    0.738660
    0.738660
    0.738660
    0.738660
    0.738660
    0.738660
    0.837753
    0.738660
    0.738660
    0.837055
    0.738660
    0.837055
    0.738660
    0.837753
    0.738660
    0.738660
    0.738660
    0.738660
    0.738660
    0.738660
    0.738660
    0.738660
    0.837753
    0.738660
    0.837753
    0.837753
    0.837753
    0.738660
    0.738660
    0.738660
    0.738660
    0.738660
    0.837753
    0.837055
    0.837753
    0.838451
    0.753315
    0.838451
    0.753315
    0.753315
    0.753315
    0.753315
    0.838451
    0.753315
    0.753315
    0.753315
    0.838451
    0.838451
    0.753315
    0.834264
    0.753315
    0.838451
    0.753315
    0.753315
    0.753315
    0.753315
    0.753315
    0.753315
    0.753315
    0.838451
    0.753315
    0.753315
    0.753315
    0.753315
    0.753315
    0.753315
    0.753315
    0.753315
    0.838451
    0.838451
