    0.680740
    0.680740
    0.680740
    0.680740
    0.760293
    0.680740
    0.760293
    0.680740
    0.680740
    0.760293
    0.680740
    0.680740
    0.680740
    0.680740
    0.680740
    0.680740
    0.680740
    0.680740
    0.680740
    0.680740
    0.680740
    0.760293
    0.680740
    0.680740
    0.680740
    0.760293
    0.680740
    0.760293
    0.680740
    0.680740
    0.680740
    0.760293
    0.680740
    0.680740
    0.680740
    0.680740
    0.680740
    0.680740
    0.680740
    0.680740
    0.680740
    0.680740
    0.680740
    0.680740
    0.680740
    0.680740
    0.680740
    0.680740
    0.680740
    0.680740
    0.680740
    0.680740
    0.680740
    0.680740
    0.680740
    0.680740
    0.680740
    0.680740
    0.680740
    0.760293
    0.680740
    0.760293
    0.680740
    0.680740
    0.680740
    0.680740
    0.760293
    0.680740
    0.680740
    0.680740
    0.680740
    0.680740
    0.680740
    0.680740
    0.680740
    0.680740
    0.680740
    0.680740
    0.680740
    0.680740
    0.680740
    0.680740
    0.680740
    0.680740
    0.680740
    0.680740
    0.680740
    0.680740
    0.760293
    0.680740
    0.680740
    0.674459
    0.674459
    0.674459
    0.674459
    0.674459
    0.674459
    0.680740
    0.680740
    0.674459
