    0.559665
    0.559665
    0.559665
    0.559665
    0.559665
    0.598744
    0.559665
    0.598744
    0.559665
    0.559665
    0.559665
    0.559665
    0.559665
    0.559665
    0.559665
    0.559665
    0.598744
    0.559665
    0.598744
    0.559665
    0.559665
    0.559665
    0.598744
    0.598744
    0.559665
    0.559665
    0.559665
    0.559665
    0.559665
    0.559665
    0.559665
    0.559665
    0.559665
    0.559665
    0.559665
    0.598744
    0.559665
    0.559665
    0.559665
    0.559665
    0.559665
    0.559665
    0.559665
    0.559665
    0.559665
    0.559665
    0.559665
    0.559665
    0.559665
    0.559665
    0.559665
    0.559665
    0.559665
    0.559665
    0.559665
    0.559665
    0.559665
    0.559665
    0.559665
    0.559665
    0.559665
    0.559665
    0.559665
    0.559665
    0.559665
    0.559665
    0.559665
    0.559665
    0.559665
    0.559665
    0.598744
    0.559665
    0.559665
    0.559665
    0.559665
    0.598744
    0.559665
    0.559665
    0.598744
    0.598744
    0.559665
    0.598744
    0.598744
    0.559665
    0.559665
    0.559665
    0.559665
    0.598744
    0.559665
    0.559665
    0.559665
    0.598744
    0.559665
    0.559665
    0.559665
    0.559665
    0.598744
    0.598744
    0.598744
    0.559665
