    0.390091
    0.390091
    0.390091
    0.363573
    0.363573
    0.363573
    0.363573
    0.363573
    0.363573
    0.363573
    0.363573
    0.363573
    0.363573
    0.363573
    0.363573
    0.363573
    0.363573
    0.363573
    0.363573
    0.363573
    0.363573
    0.363573
    0.363573
    0.363573
    0.363573
    0.363573
    0.363573
    0.363573
    0.363573
    0.363573
    0.363573
    0.363573
    0.363573
    0.363573
    0.363573
    0.363573
    0.363573
    0.363573
    0.363573
    0.363573
    0.363573
    0.363573
    0.248430
    0.248430
    0.248430
    0.248430
    0.248430
    0.248430
    0.248430
    0.248430
    0.248430
    0.248430
    0.248430
    0.248430
    0.248430
    0.248430
    0.248430
    0.248430
    0.248430
    0.248430
    0.248430
    0.248430
    0.248430
    0.248430
    0.248430
    0.248430
    0.248430
    0.248430
    0.248430
    0.248430
    0.248430
    0.248430
    0.248430
    0.248430
    0.248430
    0.331472
    0.331472
    0.331472
    0.331472
    0.331472
    0.331472
    0.331472
    0.331472
    0.331472
    0.248430
    0.331472
    0.331472
    0.331472
    0.331472
    0.331472
    0.331472
    0.331472
    0.331472
    0.331472
    0.331472
    0.331472
    0.331472
    0.331472
    0.331472
    0.331472
