    0.159805
    0.159805
    0.159805
    0.159805
    0.159805
    0.159805
    0.159805
    0.159805
    0.159805
    0.159805
    0.159805
    0.159805
    0.159805
    0.159805
    0.159805
    0.159805
    0.159805
    0.159805
    0.159805
    0.159805
    0.159805
    0.159805
    0.159805
    0.159805
    0.159805
    0.159805
    0.159805
    0.159805
    0.159805
    0.159805
    0.159805
    0.127704
    0.127704
    0.127704
    0.127704
    0.127704
    0.127704
    0.127704
    0.127704
    0.127704
    0.127704
    0.127704
    0.127704
    0.127704
    0.127704
    0.127704
    0.127704
    0.127704
    0.127704
    0.127704
    0.127704
    0.127704
    0.127704
    0.127704
    0.127704
    0.127704
    0.127704
    0.127704
    0.127704
    0.127704
    0.127704
    0.127704
    0.127704
    0.127704
    0.127704
    0.127704
    0.127704
    0.127704
    0.127704
    0.127704
    0.127704
    0.127704
    0.127704
    0.127704
    0.127704
    0.127704
    0.127704
    0.127704
    0.127704
    0.127704
    0.127704
    0.127704
    0.127704
    0.127704
    0.127704
    0.127704
    0.127704
    0.127704
    0.127704
    0.127704
    0.127704
    0.127704
    0.127704
    0.127704
    0.127704
    0.127704
    0.127704
    0.127704
    0.127704
    0.127704
