    0.153175
    0.153175
    0.153175
    0.153175
    0.153175
    0.153175
    0.153175
    0.153175
    0.153175
    0.153175
    0.153175
    0.153175
    0.153175
    0.153175
    0.153175
    0.153175
    0.153175
    0.153175
    0.153175
    0.153175
    0.153175
    0.153175
    0.153175
    0.153175
    0.153175
    0.153175
    0.153175
    0.153175
    0.153175
    0.153175
    0.153175
    0.153175
    0.153175
    0.153175
    0.153175
    0.153175
    0.153175
    0.153175
    0.153175
    0.153175
    0.153175
    0.153175
    0.153175
    0.153175
    0.153175
    0.153175
    0.153175
    0.153175
    0.153175
    0.153175
    0.153175
    0.153175
    0.153175
    0.153175
    0.153175
    0.153873
    0.153873
    0.153873
    0.153873
    0.153175
    0.153175
    0.153873
    0.153873
    0.153873
    0.153873
    0.153873
    0.153873
    0.153873
    0.153175
    0.153175
    0.153175
    0.153175
    0.153175
    0.153175
    0.153175
    0.153175
    0.153175
    0.153175
    0.153175
    0.153175
    0.153175
    0.153175
    0.153175
    0.153175
    0.153175
    0.153175
    0.153175
    0.153175
    0.153175
    0.153175
    0.153175
    0.153175
    0.153175
    0.153175
    0.153175
    0.153175
    0.153175
    0.153175
    0.153175
    0.153873
