    0.558967
    0.558967
    0.558967
    0.558967
    0.558967
    0.558967
    0.558967
    0.558967
    0.558967
    0.558967
    0.558967
    0.558967
    0.558967
    0.558967
    0.558967
    0.558967
    0.558967
    0.558967
    0.558967
    0.558967
    0.558967
    0.558967
    0.558967
    0.558967
    0.558967
    0.558967
    0.558967
    0.558967
    0.558967
    0.558967
    0.558967
    0.558967
    0.558967
    0.558967
    0.558967
    0.558967
    0.558967
    0.558967
    0.558967
    0.551291
    0.551291
    0.551291
    0.551291
    0.551291
    0.551291
    0.551291
    0.551291
    0.551291
    0.551291
    0.551291
    0.551291
    0.551291
    0.551291
    0.558967
    0.551291
    0.551291
    0.558967
    0.558967
    0.558967
    0.558967
    0.558967
    0.558967
    0.558967
    0.558967
    0.558967
    0.558967
    0.558967
    0.551291
    0.551291
    0.551291
    0.551291
    0.551291
    0.551291
    0.551291
    0.551291
    0.551291
    0.551291
    0.551291
    0.551291
    0.551291
    0.551291
    0.551291
    0.551291
    0.551291
    0.551291
    0.551291
    0.551291
    0.551291
    0.551291
    0.551291
    0.551291
    0.551291
    0.551291
    0.551291
    0.551291
    0.551291
    0.551291
    0.551291
    0.551291
    0.551291
