    0.706211
    0.706211
    0.706211
    0.706211
    0.706211
    0.706211
    0.706211
    0.706211
    0.706211
    0.706211
    0.706211
    0.706211
    0.706211
    0.706211
    0.706211
    0.706211
    0.706211
    0.706211
    0.706211
    0.706211
    0.706211
    0.706211
    0.706211
    0.706211
    0.706211
    0.706211
    0.706211
    0.706211
    0.706211
    0.706211
    0.706211
    0.706211
    0.706211
    0.706211
    0.706211
    0.706211
    0.706211
    0.706211
    0.706211
    0.706211
    0.685973
    0.685973
    0.685973
    0.685973
    0.685973
    0.685973
    0.685973
    0.685973
    0.685973
    0.685973
    0.685973
    0.685973
    0.685973
    0.685973
    0.685973
    0.685973
    0.685973
    0.685973
    0.685973
    0.685973
    0.685973
    0.685973
    0.685973
    0.685973
    0.685973
    0.685973
    0.685973
    0.685973
    0.685973
    0.685973
    0.685973
    0.685973
    0.685973
    0.685973
    0.685973
    0.685973
    0.685973
    0.685973
    0.685973
    0.685973
    0.685973
    0.685973
    0.685973
    0.685973
    0.685973
    0.685973
    0.685973
    0.685973
    0.685973
    0.685973
    0.685973
    0.685973
    0.685973
    0.685973
    0.685973
    0.685973
    0.685973
    0.685973
    0.685973
    0.685973
