    0.572924
    0.572924
    0.572924
    0.572924
    0.572924
    0.572924
    0.572924
    0.572924
    0.572924
    0.572924
    0.572924
    0.572924
    0.598744
    0.598744
    0.598744
    0.572924
    0.572924
    0.572924
    0.572924
    0.572924
    0.572924
    0.598744
    0.572924
    0.572924
    0.572924
    0.572924
    0.572924
    0.572924
    0.572924
    0.572924
    0.572924
    0.572924
    0.572924
    0.598744
    0.572924
    0.572924
    0.572924
    0.572924
    0.598744
    0.572924
    0.598744
    0.572924
    0.572924
    0.572924
    0.572924
    0.572924
    0.598744
    0.598744
    0.572924
    0.572924
    0.572924
    0.598744
    0.598744
    0.561061
    0.561061
    0.598744
    0.561061
    0.561061
    0.561061
    0.561061
    0.561061
    0.561061
    0.561061
    0.561061
    0.598744
    0.561061
    0.561061
    0.561061
    0.561061
    0.561061
    0.561061
    0.561061
    0.561061
    0.561061
    0.561061
    0.561061
    0.561061
    0.561061
    0.561061
    0.572924
    0.572924
    0.572924
    0.561061
    0.561061
    0.561061
    0.561061
    0.561061
    0.561061
    0.561061
    0.561061
    0.561061
    0.561061
    0.561061
    0.561061
    0.561061
    0.561061
    0.561061
    0.561061
    0.561061
    0.561061
