    0.000000
    0.000000
    0.000000
    0.000000
    0.000000
    0.000000
    0.000000
    0.000000
    0.000000
    0.000000
    0.094906
    0.094906
    0.094906
    0.094906
    0.094906
    0.094906
    0.094906
    0.094906
    0.094906
    0.094906
    0.094906
    0.094906
    0.094906
    0.094906
    0.094906
    0.094906
    0.094906
    0.094906
    0.000000
    0.000000
    0.000000
    0.000000
    0.094906
    0.094906
    0.094906
    0.094906
    0.094906
    0.094906
    0.094906
    0.094906
    0.094906
    0.094906
    0.094906
    0.094906
    0.094906
    0.094906
    0.094906
    0.094906
    0.094906
    0.094906
    0.094906
    0.094906
    0.094906
    0.094906
    0.094906
    0.094906
    0.094906
    0.094906
    0.094906
    0.094906
    0.094906
    0.094906
    0.094906
    0.094906
    0.094906
    0.094906
    0.094906
    0.094906
    0.094906
    0.094906
    0.094906
    0.094906
    0.094906
    0.094906
    0.094906
    0.094906
    0.094906
    0.094906
    0.094906
    0.094906
    0.094906
    0.094906
    0.094906
    0.094906
    0.094906
    0.094906
    0.094906
    0.094906
    0.094906
    0.094906
    0.094906
    0.094906
    0.094906
    0.094906
    0.094906
    0.094906
    0.094906
    0.094906
    0.094906
    0.094906
