    0.482903
    0.484997
    0.484997
    0.484997
    0.484997
    0.484997
    0.484997
    0.484997
    0.484997
    0.484997
    0.484997
    0.484997
    0.482903
    0.482903
    0.482903
    0.482903
    0.482903
    0.482903
    0.482903
    0.482903
    0.482903
    0.482903
    0.482903
    0.484997
    0.484997
    0.484997
    0.484997
    0.484997
    0.484997
    0.484997
    0.484997
    0.484997
    0.484997
    0.484997
    0.484997
    0.484997
    0.484997
    0.484997
    0.484997
    0.484997
    0.484997
    0.484997
    0.484997
    0.484997
    0.484997
    0.484997
    0.484997
    0.484997
    0.484997
    0.484997
    0.484997
    0.484997
    0.484997
    0.484997
    0.484997
    0.484997
    0.484997
    0.484997
    0.484997
    0.484997
    0.484997
    0.484997
    0.484997
    0.484997
    0.484997
    0.484997
    0.484997
    0.484997
    0.484997
    0.484997
    0.484997
    0.484997
    0.484997
    0.484997
    0.484997
    0.484997
    0.484997
    0.484997
    0.484997
    0.484997
    0.484997
    0.484997
    0.484997
    0.484997
    0.484997
    0.484997
    0.484997
    0.484997
    0.484997
    0.484997
    0.484997
    0.484997
    0.484997
    0.484997
    0.484997
    0.484997
    0.484997
    0.484997
    0.484997
    0.484997
