    0.155967
    0.156664
    0.156664
    0.156664
    0.156664
    0.156664
    0.156664
    0.156664
    0.156664
    0.156664
    0.155967
    0.156664
    0.156664
    0.156664
    0.156664
    0.156664
    0.156664
    0.156664
    0.156664
    0.156664
    0.156664
    0.156664
    0.156664
    0.155967
    0.155967
    0.155967
    0.155967
    0.156664
    0.156664
    0.155967
    0.155967
    0.155967
    0.156664
    0.156664
    0.156664
    0.156664
    0.156664
    0.156664
    0.156664
    0.156664
    0.156664
    0.156664
    0.156664
    0.156664
    0.156664
    0.155967
    0.156664
    0.156664
    0.156664
    0.156664
    0.156664
    0.156664
    0.156664
    0.155967
    0.156664
    0.156664
    0.156664
    0.156664
    0.156664
    0.156664
    0.156664
    0.156664
    0.156664
    0.156664
    0.156664
    0.156664
    0.156664
    0.156664
    0.156664
    0.156664
    0.156664
    0.156664
    0.156664
    0.156664
    0.156664
    0.156664
    0.156664
    0.156664
    0.156664
    0.156664
    0.156664
    0.155967
    0.156664
    0.156664
    0.156664
    0.155967
    0.155967
    0.155967
    0.155967
    0.155967
    0.156664
    0.156664
    0.156664
    0.155967
    0.156664
    0.156664
    0.156664
    0.156664
    0.156664
    0.156664
