    0.598744
    0.598744
    0.577809
    0.598744
    0.577809
    0.598744
    0.598744
    0.598744
    0.598744
    0.577809
    0.598744
    0.598744
    0.598744
    0.598744
    0.598744
    0.598744
    0.598744
    0.598744
    0.598744
    0.598744
    0.598744
    0.598744
    0.577809
    0.598744
    0.598744
    0.598744
    0.598744
    0.598744
    0.577809
    0.598744
    0.598744
    0.598744
    0.598744
    0.598744
    0.577809
    0.598744
    0.598744
    0.598744
    0.598744
    0.577809
    0.598744
    0.598744
    0.577809
    0.598744
    0.598744
    0.577809
    0.598744
    0.598744
    0.577809
    0.598744
    0.598744
    0.577809
    0.598744
    0.577809
    0.598744
    0.577809
    0.577809
    0.598744
    0.598744
    0.598744
    0.598744
    0.598744
    0.598744
    0.598744
    0.598744
    0.598744
    0.598744
    0.598744
    0.598744
    0.598744
    0.598744
    0.598744
    0.598744
    0.577809
    0.577809
    0.577809
    0.577809
    0.577809
    0.577809
    0.598744
    0.577809
    0.598744
    0.598744
    0.577809
    0.598744
    0.598744
    0.598744
    0.598744
    0.598744
    0.598744
    0.577809
    0.577809
    0.577809
    0.577809
    0.577809
    0.598744
    0.598744
    0.598744
    0.598744
    0.598744
