    0.518493
    0.518493
    0.518493
    0.518493
    0.518493
    0.518493
    0.518493
    0.518493
    0.518493
    0.518493
    0.518493
    0.518493
    0.518493
    0.518493
    0.518493
    0.518493
    0.518493
    0.518493
    0.518493
    0.518493
    0.518493
    0.518493
    0.518493
    0.518493
    0.510119
    0.510119
    0.510119
    0.510119
    0.510119
    0.510119
    0.510119
    0.510119
    0.510119
    0.462666
    0.462666
    0.462666
    0.462666
    0.462666
    0.462666
    0.462666
    0.462666
    0.462666
    0.462666
    0.462666
    0.462666
    0.462666
    0.462666
    0.462666
    0.510119
    0.510119
    0.510119
    0.510119
    0.510119
    0.510119
    0.510119
    0.510119
    0.510119
    0.510119
    0.510119
    0.510119
    0.510119
    0.510119
    0.510119
    0.510119
    0.510119
    0.510119
    0.510119
    0.510119
    0.510119
    0.510119
    0.510119
    0.510119
    0.510119
    0.510119
    0.510119
    0.510119
    0.510119
    0.510119
    0.510119
    0.510119
    0.510119
    0.510119
    0.510119
    0.510119
    0.510119
    0.510119
    0.510119
    0.510119
    0.510119
    0.510119
    0.510119
    0.510119
    0.510119
    0.510119
    0.510119
    0.510119
    0.510119
    0.510119
    0.510119
    0.510119
