    0.345080
    0.345080
    0.345080
    0.345080
    0.345080
    0.345080
    0.345080
    0.345080
    0.345080
    0.345080
    0.345080
    0.345080
    0.345080
    0.345080
    0.345080
    0.345080
    0.345080
    0.345080
    0.345080
    0.345080
    0.345080
    0.345080
    0.345080
    0.345080
    0.345080
    0.345080
    0.345080
    0.345080
    0.345080
    0.345080
    0.345080
    0.345080
    0.345080
    0.345080
    0.345080
    0.345080
    0.345080
    0.345080
    0.345080
    0.300419
    0.300419
    0.300419
    0.300419
    0.300419
    0.300419
    0.345080
    0.345080
    0.345080
    0.345080
    0.300419
    0.345080
    0.345080
    0.345080
    0.345080
    0.345080
    0.345080
    0.345080
    0.345080
    0.345080
    0.345080
    0.345080
    0.345080
    0.345080
    0.345080
    0.345080
    0.345080
    0.345080
    0.345080
    0.345080
    0.345080
    0.345080
    0.345080
    0.345080
    0.345080
    0.345080
    0.345080
    0.345080
    0.345080
    0.345080
    0.345080
    0.300419
    0.300419
    0.300419
    0.300419
    0.300419
    0.300419
    0.300419
    0.300419
    0.300419
    0.300419
    0.300419
    0.300419
    0.300419
    0.300419
    0.300419
    0.300419
    0.300419
    0.300419
    0.300419
    0.300419
