    0.115143
    0.115143
    0.115143
    0.115143
    0.115143
    0.115143
    0.115143
    0.115143
    0.115143
    0.115143
    0.115143
    0.115143
    0.115143
    0.115143
    0.115143
    0.115143
    0.115143
    0.115143
    0.115143
    0.115143
    0.115143
    0.115143
    0.115143
    0.115143
    0.115143
    0.115143
    0.115143
    0.115143
    0.115143
    0.115143
    0.115143
    0.115143
    0.115143
    0.115143
    0.115143
    0.115143
    0.115143
    0.115143
    0.115143
    0.115143
    0.115143
    0.115143
    0.115143
    0.115143
    0.115143
    0.115143
    0.115143
    0.115143
    0.115143
    0.115143
    0.115143
    0.115143
    0.115143
    0.115143
    0.115143
    0.115143
    0.115143
    0.115143
    0.115143
    0.115143
    0.115143
    0.115143
    0.115143
    0.115143
    0.115143
    0.115143
    0.115143
    0.115143
    0.115143
    0.115143
    0.115143
    0.115143
    0.115143
    0.115143
    0.115143
    0.115143
    0.115143
    0.115143
    0.115143
    0.115143
    0.115143
    0.115143
    0.115143
    0.084438
    0.084438
    0.084438
    0.084438
    0.084438
    0.084438
    0.084438
    0.084438
    0.084438
    0.084438
    0.084438
    0.084438
    0.084438
    0.084438
    0.084438
    0.084438
    0.115143
