    0.571528
    0.571528
    0.571528
    0.571528
    0.571528
    0.571528
    0.571528
    0.567341
    0.567341
    0.567341
    0.567341
    0.567341
    0.567341
    0.567341
    0.567341
    0.567341
    0.567341
    0.567341
    0.571528
    0.567341
    0.567341
    0.567341
    0.567341
    0.567341
    0.567341
    0.567341
    0.567341
    0.567341
    0.567341
    0.567341
    0.567341
    0.567341
    0.567341
    0.567341
    0.567341
    0.567341
    0.567341
    0.567341
    0.567341
    0.567341
    0.567341
    0.567341
    0.567341
    0.567341
    0.567341
    0.567341
    0.567341
    0.567341
    0.567341
    0.567341
    0.567341
    0.567341
    0.567341
    0.567341
    0.567341
    0.567341
    0.567341
    0.567341
    0.567341
    0.567341
    0.567341
    0.567341
    0.567341
    0.567341
    0.567341
    0.567341
    0.567341
    0.567341
    0.567341
    0.567341
    0.567341
    0.567341
    0.567341
    0.567341
    0.567341
    0.567341
    0.567341
    0.567341
    0.567341
    0.567341
    0.567341
    0.567341
    0.567341
    0.567341
    0.567341
    0.567341
    0.567341
    0.567341
    0.567341
    0.567341
    0.567341
    0.567341
    0.567341
    0.567341
    0.567341
    0.567341
    0.567341
    0.567341
    0.567341
    0.581996
