    0.748430
    0.748430
    0.748430
    0.748430
    0.835659
    0.748430
    0.835659
    0.835659
    0.748430
    0.748430
    0.748430
    0.748430
    0.748430
    0.835659
    0.748430
    0.748430
    0.748430
    0.748430
    0.835659
    0.748430
    0.748430
    0.748430
    0.748430
    0.748430
    0.748430
    0.748430
    0.748430
    0.748430
    0.748430
    0.748430
    0.748430
    0.748430
    0.748430
    0.748430
    0.748430
    0.835659
    0.748430
    0.748430
    0.748430
    0.748430
    0.748430
    0.835659
    0.748430
    0.748430
    0.835659
    0.748430
    0.748430
    0.748430
    0.748430
    0.748430
    0.835659
    0.748430
    0.748430
    0.835659
    0.748430
    0.748430
    0.748430
    0.748430
    0.748430
    0.835659
    0.835659
    0.748430
    0.748430
    0.748430
    0.748430
    0.748430
    0.748430
    0.748430
    0.748430
    0.748430
    0.748430
    0.748430
    0.748430
    0.748430
    0.748430
    0.748430
    0.748430
    0.748430
    0.748430
    0.748430
    0.748430
    0.748430
    0.748430
    0.748430
    0.748430
    0.748430
    0.748430
    0.748430
    0.748430
    0.748430
    0.748430
    0.748430
    0.748430
    0.748430
    0.835659
    0.748430
    0.835659
    0.748430
    0.835659
    0.835659
