    0.563852
    0.563852
    0.563852
    0.563852
    0.593161
    0.593161
    0.563852
    0.563852
    0.563852
    0.563852
    0.563852
    0.563852
    0.563852
    0.563852
    0.563852
    0.563852
    0.563852
    0.563852
    0.563852
    0.563852
    0.593161
    0.563852
    0.593161
    0.593161
    0.563852
    0.593161
    0.563852
    0.563852
    0.563852
    0.563852
    0.563852
    0.563852
    0.563852
    0.563852
    0.563852
    0.563852
    0.593161
    0.563852
    0.563852
    0.593161
    0.593161
    0.563852
    0.593161
    0.593161
    0.593161
    0.593161
    0.563852
    0.567341
    0.567341
    0.593161
    0.567341
    0.567341
    0.567341
    0.567341
    0.567341
    0.593161
    0.593161
    0.567341
    0.593161
    0.593161
    0.593161
    0.567341
    0.593161
    0.567341
    0.567341
    0.593161
    0.593161
    0.567341
    0.567341
    0.567341
    0.567341
    0.593161
    0.593161
    0.593161
    0.593161
    0.593161
    0.567341
    0.567341
    0.567341
    0.567341
    0.567341
    0.593161
    0.593161
    0.593161
    0.567341
    0.593161
    0.567341
    0.567341
    0.567341
    0.567341
    0.593161
    0.567341
    0.567341
    0.567341
    0.567341
    0.567341
    0.593161
    0.593161
    0.567341
    0.567341
