    0.594557
    0.576413
    0.576413
    0.576413
    0.576413
    0.594557
    0.576413
    0.576413
    0.576413
    0.576413
    0.576413
    0.576413
    0.576413
    0.594557
    0.576413
    0.576413
    0.576413
    0.576413
    0.576413
    0.595255
    0.576413
    0.576413
    0.576413
    0.576413
    0.576413
    0.576413
    0.576413
    0.576413
    0.576413
    0.576413
    0.576413
    0.576413
    0.576413
    0.576413
    0.576413
    0.576413
    0.576413
    0.576413
    0.576413
    0.576413
    0.576413
    0.576413
    0.576413
    0.576413
    0.576413
    0.576413
    0.576413
    0.594557
    0.576413
    0.576413
    0.576413
    0.576413
    0.576413
    0.576413
    0.576413
    0.576413
    0.576413
    0.576413
    0.576413
    0.576413
    0.576413
    0.576413
    0.576413
    0.576413
    0.576413
    0.576413
    0.576413
    0.576413
    0.576413
    0.576413
    0.576413
    0.576413
    0.576413
    0.576413
    0.576413
    0.576413
    0.595255
    0.576413
    0.576413
    0.595255
    0.576413
    0.576413
    0.576413
    0.576413
    0.576413
    0.576413
    0.576413
    0.576413
    0.576413
    0.576413
    0.576413
    0.576413
    0.576413
    0.576413
    0.576413
    0.576413
    0.576413
    0.595255
    0.576413
    0.576413
