    0.203419
    0.203419
    0.203419
    0.203419
    0.184578
    0.203419
    0.184578
    0.184578
    0.203419
    0.184578
    0.184578
    0.203419
    0.184578
    0.203419
    0.203419
    0.184578
    0.184578
    0.184578
    0.184578
    0.184578
    0.184578
    0.184578
    0.184578
    0.184578
    0.184578
    0.184578
    0.184578
    0.203419
    0.184578
    0.203419
    0.184578
    0.203419
    0.203419
    0.184578
    0.184578
    0.184578
    0.184578
    0.184578
    0.203419
    0.184578
    0.203419
    0.184578
    0.184578
    0.203419
    0.184578
    0.184578
    0.184578
    0.184578
    0.203419
    0.203419
    0.203419
    0.203419
    0.203419
    0.184578
    0.184578
    0.184578
    0.184578
    0.184578
    0.184578
    0.184578
    0.184578
    0.184578
    0.184578
    0.203419
    0.184578
    0.184578
    0.184578
    0.184578
    0.184578
    0.184578
    0.184578
    0.184578
    0.184578
    0.184578
    0.203419
    0.184578
    0.184578
    0.203419
    0.203419
    0.203419
    0.184578
    0.184578
    0.184578
    0.203419
    0.184578
    0.203419
    0.184578
    0.184578
    0.184578
    0.203419
    0.184578
    0.184578
    0.184578
    0.184578
    0.203419
    0.184578
    0.184578
    0.203419
    0.203419
    0.203419
