    0.016748
    0.016748
    0.016748
    0.016748
    0.016748
    0.016748
    0.016748
    0.016748
    0.016748
    0.016748
    0.016748
    0.016748
    0.016748
    0.016748
    0.016748
    0.016748
    0.016748
    0.016748
    0.016748
    0.016748
    0.016748
    0.016748
    0.016748
    0.016748
    0.016748
    0.016748
    0.016748
    0.016748
    0.016748
    0.016748
    0.016748
    0.016748
    0.016748
    0.016748
    0.016748
    0.016748
    0.016748
    0.000000
    0.000000
    0.000000
    0.000000
    0.000000
    0.000000
    0.000000
    0.000000
    0.000000
    0.000000
    0.000000
    0.000000
    0.000000
    0.000000
    0.000000
    0.000000
    0.000000
    0.000000
    0.000000
    0.000000
    0.000000
    0.000000
    0.000000
    0.000000
    0.000000
    0.000000
    0.000000
    0.000000
    0.000000
    0.000000
    0.000000
    0.000000
    0.000000
    0.000000
    0.000000
    0.000000
    0.000000
    0.000000
    0.000000
    0.000000
    0.000000
    0.000000
    0.000000
    0.000000
    0.000000
    0.000000
    0.000000
    0.000000
    0.000000
    0.000000
    0.000000
    0.000000
    0.000000
    0.000000
    0.000000
    0.000000
    0.000000
    0.000000
    0.000000
    0.000000
    0.000000
    0.000000
    0.000000
