    0.188765
    0.206909
    0.188765
    0.206909
    0.188765
    0.206909
    0.188765
    0.188765
    0.188765
    0.188765
    0.206909
    0.206909
    0.188765
    0.206909
    0.188765
    0.188765
    0.206909
    0.206909
    0.206909
    0.188765
    0.188765
    0.188765
    0.188765
    0.188765
    0.188765
    0.188765
    0.188765
    0.188765
    0.188765
    0.206909
    0.188765
    0.188765
    0.188765
    0.206909
    0.188765
    0.201326
    0.175506
    0.175506
    0.201326
    0.201326
    0.175506
    0.201326
    0.175506
    0.201326
    0.175506
    0.201326
    0.175506
    0.201326
    0.201326
    0.175506
    0.175506
    0.175506
    0.201326
    0.175506
    0.175506
    0.175506
    0.175506
    0.175506
    0.175506
    0.201326
    0.206909
    0.175506
    0.201326
    0.175506
    0.201326
    0.175506
    0.201326
    0.201326
    0.175506
    0.175506
    0.175506
    0.175506
    0.175506
    0.175506
    0.175506
    0.175506
    0.175506
    0.175506
    0.175506
    0.175506
    0.175506
    0.175506
    0.175506
    0.175506
    0.175506
    0.175506
    0.201326
    0.201326
    0.175506
    0.201326
    0.175506
    0.201326
    0.201326
    0.175506
    0.175506
    0.201326
    0.175506
    0.201326
    0.175506
    0.175506
