    0.521284
    0.521284
    0.521284
    0.521284
    0.521284
    0.521284
    0.521284
    0.521284
    0.521284
    0.471738
    0.471738
    0.471738
    0.521284
    0.521284
    0.521284
    0.521284
    0.471738
    0.521284
    0.521284
    0.521284
    0.521284
    0.521284
    0.521284
    0.521284
    0.521284
    0.521284
    0.521284
    0.521284
    0.471738
    0.521284
    0.521284
    0.521284
    0.521284
    0.521284
    0.521284
    0.521284
    0.521284
    0.521284
    0.521284
    0.521284
    0.521284
    0.521284
    0.521284
    0.521284
    0.471738
    0.471738
    0.521284
    0.521284
    0.471738
    0.521284
    0.521284
    0.521284
    0.521284
    0.521284
    0.521284
    0.521284
    0.521284
    0.521284
    0.521284
    0.521284
    0.521284
    0.471738
    0.521284
    0.521284
    0.471738
    0.521284
    0.471738
    0.521284
    0.471738
    0.521284
    0.521284
    0.521284
    0.521284
    0.521284
    0.521284
    0.542219
    0.464759
    0.464759
    0.464759
    0.464759
    0.464759
    0.464759
    0.542219
    0.464759
    0.542219
    0.464759
    0.464759
    0.464759
    0.464759
    0.464759
    0.464759
    0.464759
    0.464759
    0.464759
    0.464759
    0.464759
    0.464759
    0.464759
    0.464759
    0.464759
