    0.589672
    0.553385
    0.589672
    0.553385
    0.589672
    0.553385
    0.553385
    0.553385
    0.553385
    0.553385
    0.553385
    0.553385
    0.553385
    0.553385
    0.553385
    0.553385
    0.553385
    0.589672
    0.553385
    0.553385
    0.553385
    0.553385
    0.553385
    0.553385
    0.553385
    0.553385
    0.553385
    0.553385
    0.553385
    0.553385
    0.553385
    0.553385
    0.553385
    0.553385
    0.553385
    0.553385
    0.553385
    0.553385
    0.553385
    0.553385
    0.553385
    0.553385
    0.553385
    0.553385
    0.553385
    0.553385
    0.553385
    0.553385
    0.553385
    0.553385
    0.553385
    0.553385
    0.553385
    0.553385
    0.553385
    0.553385
    0.553385
    0.553385
    0.553385
    0.553385
    0.553385
    0.553385
    0.553385
    0.553385
    0.553385
    0.553385
    0.553385
    0.553385
    0.553385
    0.553385
    0.553385
    0.553385
    0.553385
    0.553385
    0.553385
    0.553385
    0.553385
    0.553385
    0.553385
    0.553385
    0.553385
    0.553385
    0.553385
    0.553385
    0.553385
    0.553385
    0.553385
    0.553385
    0.553385
    0.553385
    0.553385
    0.553385
    0.589672
    0.553385
    0.553385
    0.553385
    0.553385
    0.553385
    0.553385
    0.553385
