    0.191556
    0.191556
    0.220167
    0.191556
    0.191556
    0.220167
    0.220167
    0.220167
    0.191556
    0.191556
    0.191556
    0.220167
    0.191556
    0.191556
    0.191556
    0.191556
    0.220167
    0.220167
    0.191556
    0.220167
    0.191556
    0.191556
    0.191556
    0.191556
    0.191556
    0.191556
    0.191556
    0.191556
    0.191556
    0.191556
    0.191556
    0.191556
    0.220167
    0.220167
    0.220167
    0.220167
    0.220167
    0.220167
    0.220167
    0.220167
    0.191556
    0.191556
    0.191556
    0.191556
    0.191556
    0.191556
    0.191556
    0.191556
    0.191556
    0.191556
    0.191556
    0.191556
    0.220167
    0.191556
    0.220167
    0.220167
    0.191556
    0.191556
    0.220167
    0.191556
    0.191556
    0.191556
    0.191556
    0.191556
    0.191556
    0.191556
    0.191556
    0.191556
    0.191556
    0.191556
    0.191556
    0.191556
    0.191556
    0.191556
    0.191556
    0.220167
    0.191556
    0.220167
    0.220167
    0.191556
    0.191556
    0.191556
    0.191556
    0.191556
    0.191556
    0.191556
    0.191556
    0.191556
    0.220167
    0.191556
    0.191556
    0.191556
    0.191556
    0.191556
    0.191556
    0.191556
    0.191556
    0.191556
    0.191556
    0.191556
