    0.758897
    0.758897
    0.758897
    0.758897
    0.848221
    0.758897
    0.758897
    0.758897
    0.758897
    0.758897
    0.758897
    0.758897
    0.758897
    0.758897
    0.758897
    0.758897
    0.758897
    0.758897
    0.758897
    0.758897
    0.758897
    0.758897
    0.758897
    0.758897
    0.758897
    0.758897
    0.758897
    0.758897
    0.758897
    0.758897
    0.758897
    0.758897
    0.758897
    0.758897
    0.758897
    0.758897
    0.758897
    0.758897
    0.758897
    0.758897
    0.758897
    0.758897
    0.758897
    0.758897
    0.758897
    0.758897
    0.758897
    0.758897
    0.758897
    0.758897
    0.758897
    0.758897
    0.758897
    0.758897
    0.848221
    0.758897
    0.758897
    0.848221
    0.758897
    0.758897
    0.758897
    0.758897
    0.758897
    0.758897
    0.758897
    0.758897
    0.758897
    0.848221
    0.758897
    0.758897
    0.758897
    0.758897
    0.758897
    0.758897
    0.758897
    0.758897
    0.758897
    0.758897
    0.758897
    0.758897
    0.758897
    0.758897
    0.758897
    0.758897
    0.758897
    0.758897
    0.758897
    0.758897
    0.758897
    0.758897
    0.758897
    0.758897
    0.758897
    0.758897
    0.758897
    0.758897
    0.758897
    0.758897
    0.758897
    0.758897
