    0.254361
    0.254361
    0.303210
    0.303210
    0.303210
    0.303210
    0.303210
    0.303210
    0.254361
    0.254361
    0.254361
    0.303210
    0.254361
    0.254361
    0.303210
    0.303210
    0.303210
    0.303210
    0.303210
    0.303210
    0.303210
    0.303210
    0.303210
    0.303210
    0.303210
    0.303210
    0.254361
    0.254361
    0.254361
    0.254361
    0.254361
    0.254361
    0.254361
    0.254361
    0.254361
    0.254361
    0.254361
    0.254361
    0.254361
    0.254361
    0.254361
    0.303210
    0.254361
    0.303210
    0.254361
    0.254361
    0.254361
    0.254361
    0.254361
    0.254361
    0.254361
    0.254361
    0.254361
    0.254361
    0.303210
    0.254361
    0.303210
    0.254361
    0.303210
    0.254361
    0.254361
    0.254361
    0.303210
    0.254361
    0.303210
    0.254361
    0.254361
    0.254361
    0.254361
    0.303210
    0.254361
    0.254361
    0.254361
    0.254361
    0.303210
    0.254361
    0.303210
    0.254361
    0.254361
    0.254361
    0.303210
    0.254361
    0.254361
    0.303210
    0.254361
    0.254361
    0.254361
    0.254361
    0.254361
    0.254361
    0.303210
    0.303210
    0.254361
    0.303210
    0.254361
    0.254361
    0.254361
    0.254361
    0.303210
    0.254361
