    0.747034
    0.747034
    0.747034
    0.747034
    0.747034
    0.747034
    0.747034
    0.747034
    0.747034
    0.747034
    0.747034
    0.747034
    0.747034
    0.747034
    0.747034
    0.747034
    0.747034
    0.747034
    0.747034
    0.747034
    0.747034
    0.747034
    0.747034
    0.848221
    0.747034
    0.747034
    0.747034
    0.747034
    0.747034
    0.747034
    0.747034
    0.747034
    0.747034
    0.747034
    0.848221
    0.747034
    0.747034
    0.747034
    0.747034
    0.747034
    0.747034
    0.747034
    0.747034
    0.747034
    0.747034
    0.747034
    0.747034
    0.747034
    0.751919
    0.751919
    0.751919
    0.751919
    0.751919
    0.751919
    0.751919
    0.751919
    0.751919
    0.751919
    0.751919
    0.751919
    0.751919
    0.751919
    0.751919
    0.751919
    0.751919
    0.751919
    0.848918
    0.751919
    0.848918
    0.751919
    0.751919
    0.751919
    0.751919
    0.751919
    0.751919
    0.751919
    0.751919
    0.751919
    0.751919
    0.751919
    0.751919
    0.751919
    0.751919
    0.751919
    0.751919
    0.751919
    0.751919
    0.848918
    0.751919
    0.751919
    0.751919
    0.751919
    0.751919
    0.751919
    0.751919
    0.751919
    0.751919
    0.751919
    0.747034
    0.747034
