    0.266923
    0.266923
    0.266923
    0.235520
    0.235520
    0.301814
    0.235520
    0.301814
    0.301814
    0.235520
    0.301814
    0.317865
    0.266923
    0.235520
    0.266923
    0.235520
    0.266923
    0.266923
    0.266923
    0.266923
    0.266923
    0.266923
    0.317865
    0.266923
    0.266923
    0.266923
    0.266923
    0.266923
    0.266923
    0.266923
    0.266923
    0.317865
    0.317865
    0.266923
    0.317865
    0.266923
    0.317865
    0.235520
    0.235520
    0.301814
    0.235520
    0.301814
    0.301814
    0.301814
    0.301814
    0.301814
    0.235520
    0.235520
    0.301814
    0.235520
    0.235520
    0.235520
    0.235520
    0.235520
    0.235520
    0.235520
    0.301814
    0.235520
    0.235520
    0.235520
    0.235520
    0.235520
    0.235520
    0.235520
    0.235520
    0.235520
    0.301814
    0.235520
    0.235520
    0.235520
    0.301814
    0.301814
    0.235520
    0.235520
    0.301814
    0.235520
    0.301814
    0.301814
    0.301814
    0.301814
    0.235520
    0.235520
    0.301814
    0.235520
    0.301814
    0.301814
    0.235520
    0.301814
    0.235520
    0.301814
    0.301814
    0.235520
    0.235520
    0.235520
    0.301814
    0.235520
    0.235520
    0.235520
    0.235520
    0.235520
