    0.643405
    0.643405
    0.643405
    0.643405
    0.643405
    0.643405
    0.643405
    0.643405
    0.643405
    0.643405
    0.643405
    0.643405
    0.631542
    0.631542
    0.631542
    0.631542
    0.631542
    0.631542
    0.631542
    0.631542
    0.631542
    0.631542
    0.631542
    0.631542
    0.631542
    0.631542
    0.631542
    0.631542
    0.631542
    0.631542
    0.631542
    0.631542
    0.631542
    0.631542
    0.631542
    0.631542
    0.631542
    0.631542
    0.631542
    0.631542
    0.631542
    0.631542
    0.631542
    0.631542
    0.631542
    0.631542
    0.631542
    0.631542
    0.631542
    0.631542
    0.631542
    0.631542
    0.631542
    0.631542
    0.631542
    0.631542
    0.631542
    0.631542
    0.631542
    0.631542
    0.631542
    0.631542
    0.631542
    0.631542
    0.631542
    0.631542
    0.631542
    0.631542
    0.631542
    0.631542
    0.631542
    0.631542
    0.631542
    0.631542
    0.631542
    0.631542
    0.631542
    0.631542
    0.631542
    0.631542
    0.631542
    0.631542
    0.631542
    0.631542
    0.631542
    0.631542
    0.631542
    0.631542
    0.631542
    0.631542
    0.631542
    0.631542
    0.631542
    0.631542
    0.631542
    0.631542
    0.631542
    0.631542
    0.631542
    0.631542
