    0.637125
    0.637125
    0.637125
    0.637125
    0.637125
    0.637125
    0.637125
    0.637125
    0.637125
    0.637125
    0.637125
    0.637125
    0.637125
    0.637125
    0.637125
    0.637125
    0.637125
    0.637125
    0.637125
    0.637125
    0.637125
    0.637125
    0.637125
    0.601535
    0.601535
    0.601535
    0.637125
    0.601535
    0.601535
    0.601535
    0.601535
    0.637125
    0.637125
    0.637125
    0.637125
    0.637125
    0.637125
    0.637125
    0.637125
    0.637125
    0.637125
    0.637125
    0.637125
    0.637125
    0.637125
    0.637125
    0.637125
    0.637125
    0.637125
    0.637125
    0.637125
    0.637125
    0.637125
    0.637125
    0.637125
    0.637125
    0.637125
    0.637125
    0.637125
    0.637125
    0.637125
    0.637125
    0.637125
    0.637125
    0.637125
    0.637125
    0.637125
    0.637125
    0.637125
    0.637125
    0.637125
    0.637125
    0.637125
    0.637125
    0.637125
    0.637125
    0.637125
    0.637125
    0.637125
    0.637125
    0.637125
    0.637125
    0.637125
    0.637125
    0.637125
    0.637125
    0.637125
    0.637125
    0.637125
    0.637125
    0.637125
    0.637125
    0.637125
    0.637125
    0.637125
    0.637125
    0.637125
    0.637125
    0.637125
    0.637125
