    0.157362
    0.157362
    0.155269
    0.157362
    0.157362
    0.157362
    0.155269
    0.157362
    0.157362
    0.155269
    0.155269
    0.155269
    0.155269
    0.155269
    0.155269
    0.155269
    0.155269
    0.155269
    0.155269
    0.155269
    0.155269
    0.155269
    0.155269
    0.155269
    0.155269
    0.155269
    0.155269
    0.155269
    0.155269
    0.155269
    0.155269
    0.157362
    0.157362
    0.157362
    0.157362
    0.155269
    0.155269
    0.155269
    0.155269
    0.155269
    0.155269
    0.155269
    0.155269
    0.155269
    0.155269
    0.155269
    0.155269
    0.155269
    0.155269
    0.157362
    0.157362
    0.157362
    0.157362
    0.157362
    0.157362
    0.157362
    0.157362
    0.155269
    0.155269
    0.157362
    0.157362
    0.157362
    0.157362
    0.157362
    0.155269
    0.155269
    0.155269
    0.155269
    0.155269
    0.155269
    0.155269
    0.155269
    0.155269
    0.155269
    0.155269
    0.155269
    0.155269
    0.155269
    0.155269
    0.157362
    0.157362
    0.157362
    0.155269
    0.155269
    0.155269
    0.155269
    0.155269
    0.157362
    0.155269
    0.155269
    0.155269
    0.157362
    0.155269
    0.155269
    0.155269
    0.155269
    0.155269
    0.157362
    0.157362
    0.157362
