    0.272156
    0.272156
    0.272156
    0.272156
    0.272156
    0.272156
    0.272156
    0.272156
    0.272156
    0.272156
    0.272156
    0.272156
    0.272156
    0.272156
    0.272156
    0.272156
    0.272156
    0.272156
    0.272156
    0.272156
    0.272156
    0.272156
    0.272156
    0.272156
    0.272156
    0.272156
    0.272156
    0.272156
    0.272156
    0.272156
    0.272156
    0.272156
    0.272156
    0.272156
    0.272156
    0.272156
    0.272156
    0.272156
    0.272156
    0.272156
    0.272156
    0.272156
    0.272156
    0.272156
    0.272156
    0.272156
    0.272156
    0.272156
    0.272156
    0.272156
    0.272156
    0.272156
    0.272156
    0.272156
    0.272156
    0.272156
    0.272156
    0.272156
    0.272156
    0.272156
    0.272156
    0.272156
    0.272156
    0.272156
    0.272156
    0.272156
    0.272156
    0.272156
    0.272156
    0.272156
    0.272156
    0.272156
    0.272156
    0.272156
    0.272156
    0.272156
    0.272156
    0.272156
    0.272156
    0.272156
    0.272156
    0.272156
    0.272156
    0.272156
    0.272156
    0.272156
    0.272156
    0.272156
    0.272156
    0.272156
    0.272156
    0.272156
    0.272156
    0.272156
    0.376134
    0.376134
    0.376134
    0.376134
    0.272156
    0.272156
