    0.661898
    0.661898
    0.661898
    0.661898
    0.661898
    0.661898
    0.661898
    0.661898
    0.661898
    0.661898
    0.661898
    0.753315
    0.661898
    0.661898
    0.661898
    0.661898
    0.661898
    0.661898
    0.661898
    0.661898
    0.661898
    0.661898
    0.661898
    0.661898
    0.661898
    0.661898
    0.753315
    0.753315
    0.661898
    0.753315
    0.661898
    0.753315
    0.661898
    0.753315
    0.753315
    0.661898
    0.661898
    0.661898
    0.661898
    0.661898
    0.661898
    0.661898
    0.661898
    0.661898
    0.661898
    0.661898
    0.661898
    0.661898
    0.661898
    0.661898
    0.661898
    0.661898
    0.661898
    0.661898
    0.661898
    0.661898
    0.753315
    0.661898
    0.661898
    0.661898
    0.661898
    0.661898
    0.661898
    0.661898
    0.753315
    0.661898
    0.753315
    0.661898
    0.753315
    0.661898
    0.753315
    0.753315
    0.757502
    0.661898
    0.661898
    0.753315
    0.661898
    0.661898
    0.661898
    0.661898
    0.753315
    0.661898
    0.753315
    0.753315
    0.661898
    0.661898
    0.753315
    0.661898
    0.753315
    0.661898
    0.753315
    0.753315
    0.661898
    0.661898
    0.753315
    0.751221
    0.670970
    0.751221
    0.751221
    0.670970
