    0.839846
    0.751919
    0.839846
    0.751919
    0.751919
    0.751919
    0.751919
    0.839846
    0.839846
    0.839846
    0.751919
    0.751919
    0.839846
    0.751919
    0.839846
    0.751919
    0.751919
    0.751919
    0.751919
    0.751919
    0.751919
    0.839846
    0.751919
    0.751919
    0.839846
    0.839846
    0.751919
    0.751919
    0.839846
    0.839846
    0.839846
    0.839846
    0.751919
    0.839846
    0.839846
    0.751919
    0.751919
    0.751919
    0.839846
    0.751919
    0.839846
    0.751919
    0.839846
    0.751919
    0.751919
    0.839846
    0.751919
    0.751919
    0.751919
    0.839846
    0.839846
    0.839846
    0.839846
    0.751919
    0.839846
    0.751919
    0.751919
    0.839846
    0.751919
    0.839846
    0.839846
    0.751919
    0.839846
    0.839846
    0.839846
    0.751919
    0.751919
    0.751919
    0.751919
    0.751919
    0.839846
    0.751919
    0.839846
    0.839846
    0.839846
    0.751919
    0.751919
    0.751919
    0.751919
    0.751919
    0.751919
    0.839846
    0.751919
    0.751919
    0.751919
    0.839846
    0.751221
    0.751919
    0.751221
    0.751221
    0.751221
    0.751221
    0.832170
    0.751919
    0.839846
    0.839846
    0.751919
    0.839846
    0.751919
    0.839846
