    0.747034
    0.747034
    0.747034
    0.747034
    0.747034
    0.747034
    0.747034
    0.747034
    0.741452
    0.741452
    0.741452
    0.741452
    0.741452
    0.741452
    0.741452
    0.741452
    0.741452
    0.741452
    0.741452
    0.741452
    0.741452
    0.741452
    0.741452
    0.741452
    0.741452
    0.741452
    0.741452
    0.741452
    0.741452
    0.741452
    0.847523
    0.741452
    0.741452
    0.741452
    0.741452
    0.847523
    0.741452
    0.741452
    0.847523
    0.741452
    0.741452
    0.741452
    0.847523
    0.741452
    0.741452
    0.741452
    0.741452
    0.741452
    0.741452
    0.747034
    0.747034
    0.747034
    0.747034
    0.747034
    0.747034
    0.747034
    0.747034
    0.747034
    0.747034
    0.747034
    0.747034
    0.747034
    0.747034
    0.747034
    0.747034
    0.747034
    0.747034
    0.747034
    0.747034
    0.747034
    0.747034
    0.747034
    0.747034
    0.747034
    0.747034
    0.747034
    0.747034
    0.747034
    0.747034
    0.747034
    0.747034
    0.747034
    0.747034
    0.747034
    0.747034
    0.747034
    0.747034
    0.747034
    0.747034
    0.747034
    0.747034
    0.747034
    0.747034
    0.848221
    0.747034
    0.747034
    0.747034
    0.747034
    0.747034
    0.747034
