    0.158758
    0.158758
    0.153873
    0.158758
    0.153873
    0.158758
    0.156664
    0.156664
    0.158758
    0.156664
    0.158758
    0.158758
    0.158758
    0.156664
    0.156664
    0.156664
    0.158758
    0.158758
    0.158758
    0.156664
    0.156664
    0.156664
    0.156664
    0.156664
    0.158758
    0.158758
    0.158758
    0.158758
    0.158758
    0.153873
    0.158758
    0.153873
    0.153873
    0.153873
    0.158758
    0.158758
    0.158758
    0.158758
    0.158758
    0.153873
    0.158758
    0.158758
    0.153873
    0.158758
    0.158758
    0.158758
    0.153873
    0.158758
    0.153873
    0.158758
    0.153873
    0.153873
    0.153873
    0.153873
    0.153873
    0.153873
    0.153873
    0.153873
    0.158758
    0.158758
    0.153873
    0.158758
    0.153873
    0.153873
    0.153873
    0.158758
    0.158758
    0.158758
    0.153873
    0.153873
    0.153873
    0.153873
    0.153873
    0.153873
    0.153873
    0.158758
    0.158758
    0.158758
    0.153873
    0.153873
    0.153873
    0.153873
    0.153873
    0.153873
    0.158758
    0.158758
    0.158758
    0.153873
    0.158758
    0.158758
    0.158758
    0.153873
    0.153873
    0.158758
    0.153873
    0.158758
    0.158758
    0.153873
    0.153873
    0.158758
