    0.785764
    0.573622
    0.573622
    0.573622
    0.573622
    0.573622
    0.573622
    0.573622
    0.573622
    0.573622
    0.573622
    0.573622
    0.573622
    0.573622
    0.573622
    0.573622
    0.573622
    0.573622
    0.573622
    0.573622
    0.573622
    0.573622
    0.573622
    0.573622
    0.573622
    0.573622
    0.573622
    0.573622
    0.573622
    0.573622
    0.573622
    0.573622
    0.573622
    0.573622
    0.573622
    0.573622
    0.573622
    0.573622
    0.573622
    0.573622
    0.573622
    0.573622
    0.573622
    0.573622
    0.573622
    0.573622
    0.573622
    0.573622
    0.573622
    0.573622
    0.573622
    0.573622
    0.573622
    0.573622
    0.573622
    0.573622
    0.573622
    0.573622
    0.573622
    0.573622
    0.573622
    0.573622
    0.573622
    0.573622
    0.573622
    0.573622
    0.573622
    0.573622
    0.573622
    0.573622
    0.573622
    0.573622
    0.573622
    0.573622
    0.573622
    0.573622
    0.573622
    0.573622
    0.573622
    0.573622
    0.573622
    0.573622
    0.573622
    0.573622
    0.573622
    0.573622
    0.573622
    0.573622
    0.573622
    0.573622
    0.573622
    0.573622
    0.573622
    0.573622
    0.573622
    0.573622
    0.573622
    0.573622
    0.573622
    0.573622
