    0.545010
    0.582694
    0.545010
    0.582694
    0.582694
    0.582694
    0.545010
    0.545010
    0.545010
    0.545010
    0.545010
    0.545010
    0.545010
    0.545010
    0.545010
    0.545010
    0.545010
    0.582694
    0.545010
    0.582694
    0.582694
    0.587579
    0.551291
    0.587579
    0.551291
    0.587579
    0.551291
    0.587579
    0.587579
    0.587579
    0.551291
    0.551291
    0.551291
    0.587579
    0.551291
    0.551291
    0.551291
    0.551291
    0.551291
    0.551291
    0.587579
    0.587579
    0.587579
    0.587579
    0.587579
    0.551291
    0.551291
    0.551291
    0.551291
    0.551291
    0.551291
    0.587579
    0.551291
    0.551291
    0.551291
    0.551291
    0.551291
    0.551291
    0.587579
    0.551291
    0.587579
    0.551291
    0.551291
    0.551291
    0.587579
    0.587579
    0.551291
    0.551291
    0.551291
    0.551291
    0.551291
    0.551291
    0.551291
    0.551291
    0.551291
    0.551291
    0.551291
    0.551291
    0.551291
    0.551291
    0.551291
    0.551291
    0.587579
    0.587579
    0.587579
    0.587579
    0.587579
    0.551291
    0.551291
    0.551291
    0.551291
    0.551291
    0.551291
    0.551291
    0.551291
    0.551291
    0.587579
    0.587579
    0.551291
    0.551291
