    0.595604
    0.595604
    0.595604
    0.595604
    0.595604
    0.595604
    0.580949
    0.580949
    0.580949
    0.580949
    0.580949
    0.580949
    0.580949
    0.580949
    0.580949
    0.580949
    0.580949
    0.580949
    0.580949
    0.580949
    0.580949
    0.580949
    0.580949
    0.580949
    0.595604
    0.595604
    0.595604
    0.595604
    0.595604
    0.595604
    0.595604
    0.595604
    0.595604
    0.595604
    0.595604
    0.580949
    0.580949
    0.580949
    0.580949
    0.580949
    0.580949
    0.580949
    0.580949
    0.580949
    0.580949
    0.580949
    0.580949
    0.580949
    0.580949
    0.580949
    0.580949
    0.580949
    0.580949
    0.580949
    0.580949
    0.580949
    0.580949
    0.580949
    0.580949
    0.580949
    0.580949
    0.580949
    0.580949
    0.580949
    0.580949
    0.580949
    0.580949
    0.580949
    0.580949
    0.580949
    0.580949
    0.580949
    0.580949
    0.580949
    0.580949
    0.580949
    0.580949
    0.580949
    0.580949
    0.580949
    0.580949
    0.580949
    0.580949
    0.580949
    0.580949
    0.580949
    0.580949
    0.580949
    0.580949
    0.580949
    0.580949
    0.580949
    0.580949
    0.580949
    0.580949
    0.580949
    0.580949
    0.580949
    0.580949
    0.580949
