    0.675506
    0.675506
    0.675506
    0.675506
    0.675506
    0.675506
    0.675506
    0.675506
    0.675506
    0.675506
    0.675506
    0.675506
    0.675506
    0.675506
    0.675506
    0.675506
    0.675506
    0.675506
    0.675506
    0.675506
    0.675506
    0.675506
    0.675506
    0.675506
    0.675506
    0.675506
    0.709002
    0.709002
    0.709002
    0.709002
    0.709002
    0.709002
    0.709002
    0.709002
    0.709002
    0.709002
    0.709002
    0.709002
    0.675506
    0.675506
    0.709002
    0.709002
    0.709002
    0.675506
    0.675506
    0.675506
    0.675506
    0.675506
    0.675506
    0.675506
    0.675506
    0.675506
    0.675506
    0.675506
    0.675506
    0.675506
    0.675506
    0.675506
    0.675506
    0.675506
    0.675506
    0.709002
    0.709002
    0.709002
    0.709002
    0.709002
    0.709002
    0.709002
    0.709002
    0.709002
    0.709002
    0.709002
    0.709002
    0.709002
    0.709002
    0.709002
    0.709002
    0.709002
    0.709002
    0.709002
    0.709002
    0.709002
    0.709002
    0.709002
    0.709002
    0.709002
    0.709002
    0.709002
    0.709002
    0.709002
    0.709002
    0.709002
    0.709002
    0.709002
    0.709002
    0.709002
    0.709002
    0.709002
    0.709002
    0.709002
