    0.598744
    0.560363
    0.560363
    0.598744
    0.598744
    0.598744
    0.598744
    0.560363
    0.598744
    0.560363
    0.598744
    0.598744
    0.560363
    0.560363
    0.560363
    0.560363
    0.560363
    0.598744
    0.560363
    0.560363
    0.598744
    0.598744
    0.598744
    0.560363
    0.560363
    0.560363
    0.560363
    0.560363
    0.598744
    0.560363
    0.560363
    0.598744
    0.598744
    0.560363
    0.598744
    0.560363
    0.579902
    0.598744
    0.598744
    0.598744
    0.598744
    0.598744
    0.598744
    0.582694
    0.598744
    0.598744
    0.598744
    0.598744
    0.582694
    0.598744
    0.598744
    0.582694
    0.598744
    0.598744
    0.598744
    0.598744
    0.598744
    0.598744
    0.582694
    0.582694
    0.598744
    0.598744
    0.598744
    0.598744
    0.598744
    0.598744
    0.598744
    0.582694
    0.582694
    0.598744
    0.598744
    0.598744
    0.568737
    0.568737
    0.568737
    0.568737
    0.568737
    0.568737
    0.568737
    0.568737
    0.568737
    0.568737
    0.568737
    0.568737
    0.568737
    0.568737
    0.568737
    0.568737
    0.568737
    0.568737
    0.598744
    0.598744
    0.568737
    0.568737
    0.568737
    0.568737
    0.568737
    0.568737
    0.582694
    0.582694
