    0.515701
    0.515701
    0.515701
    0.515701
    0.515701
    0.515701
    0.515701
    0.515701
    0.515701
    0.515701
    0.515701
    0.515701
    0.515701
    0.515701
    0.515701
    0.515701
    0.515701
    0.515701
    0.515701
    0.515701
    0.515701
    0.515701
    0.515701
    0.515701
    0.515701
    0.515701
    0.515701
    0.515701
    0.515701
    0.515701
    0.515701
    0.515701
    0.515701
    0.515701
    0.515701
    0.515701
    0.515701
    0.515701
    0.515701
    0.515701
    0.515701
    0.515701
    0.515701
    0.515701
    0.515701
    0.515701
    0.515701
    0.515701
    0.514306
    0.514306
    0.514306
    0.558967
    0.558967
    0.558967
    0.514306
    0.514306
    0.558967
    0.514306
    0.514306
    0.514306
    0.514306
    0.514306
    0.514306
    0.514306
    0.514306
    0.515701
    0.515701
    0.515701
    0.514306
    0.558967
    0.515701
    0.515701
    0.515701
    0.515701
    0.515701
    0.563154
    0.515701
    0.515701
    0.515701
    0.515701
    0.515701
    0.515701
    0.515701
    0.515701
    0.515701
    0.515701
    0.515701
    0.514306
    0.514306
    0.514306
    0.514306
    0.514306
    0.514306
    0.514306
    0.514306
    0.514306
    0.514306
    0.514306
    0.514306
    0.514306
