    0.571528
    0.593859
    0.571528
    0.571528
    0.593859
    0.593859
    0.593859
    0.593859
    0.593859
    0.593859
    0.593859
    0.593859
    0.593859
    0.571528
    0.571528
    0.571528
    0.571528
    0.593859
    0.593859
    0.593859
    0.571528
    0.571528
    0.571528
    0.571528
    0.571528
    0.593859
    0.593859
    0.571528
    0.593859
    0.571528
    0.571528
    0.593859
    0.593859
    0.593859
    0.593859
    0.593859
    0.593859
    0.571528
    0.594557
    0.575715
    0.575715
    0.575715
    0.594557
    0.594557
    0.594557
    0.594557
    0.575715
    0.565248
    0.565248
    0.595953
    0.594557
    0.594557
    0.565248
    0.565248
    0.565248
    0.565248
    0.595953
    0.565248
    0.595953
    0.595953
    0.595953
    0.595953
    0.595953
    0.565248
    0.565248
    0.565248
    0.565248
    0.565248
    0.595953
    0.595953
    0.565248
    0.565248
    0.565248
    0.565248
    0.565248
    0.565248
    0.594557
    0.575715
    0.594557
    0.594557
    0.594557
    0.594557
    0.594557
    0.594557
    0.594557
    0.575715
    0.575715
    0.594557
    0.594557
    0.575715
    0.575715
    0.575715
    0.594557
    0.575715
    0.594557
    0.594557
    0.575715
    0.594557
    0.594557
    0.594557
