    0.598046
    0.598046
    0.598046
    0.576413
    0.576413
    0.576413
    0.598046
    0.598046
    0.598046
    0.598046
    0.598046
    0.598046
    0.598046
    0.598046
    0.597348
    0.574320
    0.574320
    0.574320
    0.574320
    0.574320
    0.574320
    0.574320
    0.574320
    0.574320
    0.597348
    0.597348
    0.597348
    0.597348
    0.597348
    0.574320
    0.597348
    0.597348
    0.574320
    0.597348
    0.574320
    0.576413
    0.576413
    0.576413
    0.597348
    0.597348
    0.576413
    0.576413
    0.598046
    0.598046
    0.574320
    0.574320
    0.574320
    0.574320
    0.574320
    0.574320
    0.597348
    0.597348
    0.597348
    0.574320
    0.597348
    0.597348
    0.574320
    0.597348
    0.597348
    0.597348
    0.597348
    0.574320
    0.597348
    0.574320
    0.597348
    0.597348
    0.597348
    0.597348
    0.574320
    0.597348
    0.597348
    0.597348
    0.574320
    0.597348
    0.597348
    0.597348
    0.597348
    0.597348
    0.597348
    0.597348
    0.597348
    0.574320
    0.597348
    0.574320
    0.574320
    0.597348
    0.574320
    0.597348
    0.574320
    0.597348
    0.574320
    0.574320
    0.597348
    0.597348
    0.574320
    0.597348
    0.597348
    0.597348
    0.597348
    0.597348
