    0.311933
    0.311933
    0.311933
    0.311933
    0.311933
    0.311933
    0.311933
    0.311933
    0.311933
    0.311933
    0.311933
    0.311933
    0.311933
    0.311933
    0.311933
    0.311933
    0.311933
    0.311933
    0.311933
    0.311933
    0.311933
    0.311933
    0.311933
    0.311933
    0.311933
    0.311933
    0.311933
    0.311933
    0.311933
    0.311933
    0.311933
    0.311933
    0.311933
    0.311933
    0.311933
    0.311933
    0.311933
    0.311933
    0.311933
    0.311933
    0.311933
    0.311933
    0.311933
    0.311933
    0.311933
    0.311933
    0.311933
    0.311933
    0.311933
    0.311933
    0.311933
    0.311933
    0.311933
    0.311933
    0.311933
    0.311933
    0.311933
    0.311933
    0.311933
    0.311933
    0.311933
    0.311933
    0.311933
    0.311933
    0.311933
    0.311933
    0.311933
    0.349616
    0.349616
    0.349616
    0.349616
    0.349616
    0.311933
    0.349616
    0.311933
    0.311933
    0.311933
    0.311933
    0.311933
    0.311933
    0.311933
    0.311933
    0.349616
    0.349616
    0.349616
    0.349616
    0.349616
    0.349616
    0.349616
    0.349616
    0.349616
    0.349616
    0.349616
    0.349616
    0.349616
    0.349616
    0.349616
    0.349616
    0.349616
    0.349616
