    0.574320
    0.574320
    0.597348
    0.597348
    0.597348
    0.598046
    0.598046
    0.598046
    0.598046
    0.598046
    0.598046
    0.598046
    0.598046
    0.581996
    0.581996
    0.581996
    0.581996
    0.598046
    0.581996
    0.598046
    0.598046
    0.598046
    0.598046
    0.581996
    0.598046
    0.598046
    0.581996
    0.581996
    0.598046
    0.581996
    0.598046
    0.598046
    0.581996
    0.598046
    0.598046
    0.598046
    0.581996
    0.581996
    0.581996
    0.598046
    0.581996
    0.581996
    0.581996
    0.581996
    0.598046
    0.581996
    0.581996
    0.581996
    0.581996
    0.598046
    0.598046
    0.598046
    0.598046
    0.598046
    0.581996
    0.598046
    0.581996
    0.598046
    0.581996
    0.598046
    0.581996
    0.598046
    0.598046
    0.598046
    0.581996
    0.581996
    0.598046
    0.581996
    0.581996
    0.598046
    0.598046
    0.598046
    0.598046
    0.581996
    0.581996
    0.581996
    0.581996
    0.598046
    0.581996
    0.598046
    0.598046
    0.598046
    0.598046
    0.581996
    0.581996
    0.581996
    0.598046
    0.598046
    0.598046
    0.598046
    0.581996
    0.581996
    0.598046
    0.598046
    0.598046
    0.598744
    0.598744
    0.577809
    0.598744
    0.577809
