    0.188067
    0.188067
    0.188067
    0.215980
    0.215980
    0.188067
    0.188067
    0.188067
    0.188067
    0.188067
    0.188067
    0.188067
    0.188067
    0.188067
    0.188067
    0.188067
    0.188067
    0.218074
    0.194348
    0.194348
    0.218074
    0.194348
    0.194348
    0.218074
    0.194348
    0.194348
    0.194348
    0.194348
    0.194348
    0.194348
    0.218074
    0.218074
    0.194348
    0.194348
    0.194348
    0.194348
    0.194348
    0.194348
    0.194348
    0.194348
    0.218074
    0.194348
    0.194348
    0.194348
    0.194348
    0.194348
    0.194348
    0.194348
    0.194348
    0.194348
    0.194348
    0.218074
    0.194348
    0.218074
    0.194348
    0.218074
    0.218074
    0.218074
    0.218074
    0.194348
    0.194348
    0.194348
    0.194348
    0.194348
    0.218074
    0.218074
    0.194348
    0.194348
    0.194348
    0.194348
    0.194348
    0.194348
    0.194348
    0.218074
    0.218074
    0.194348
    0.194348
    0.194348
    0.218074
    0.218074
    0.194348
    0.194348
    0.194348
    0.218074
    0.194348
    0.218074
    0.218074
    0.194348
    0.194348
    0.194348
    0.218074
    0.194348
    0.194348
    0.218074
    0.218074
    0.218074
    0.194348
    0.194348
    0.194348
    0.194348
