    0.758897
    0.758897
    0.758897
    0.758897
    0.758897
    0.758897
    0.758897
    0.758897
    0.841242
    0.758897
    0.758897
    0.758897
    0.758897
    0.758897
    0.758897
    0.758897
    0.841242
    0.758897
    0.758897
    0.841242
    0.841242
    0.758897
    0.841242
    0.758897
    0.758897
    0.841242
    0.758897
    0.758897
    0.758897
    0.758897
    0.756804
    0.834264
    0.756804
    0.756804
    0.834264
    0.834264
    0.756804
    0.756804
    0.834264
    0.756804
    0.756804
    0.756804
    0.756804
    0.756804
    0.756804
    0.756804
    0.756804
    0.756804
    0.756804
    0.834264
    0.834264
    0.756804
    0.756804
    0.756804
    0.756804
    0.756804
    0.756804
    0.756804
    0.756804
    0.756804
    0.756804
    0.834264
    0.756804
    0.756804
    0.756804
    0.756804
    0.834264
    0.756804
    0.756804
    0.756804
    0.834264
    0.756804
    0.756804
    0.834264
    0.756804
    0.834264
    0.756804
    0.756804
    0.756804
    0.834264
    0.756804
    0.756804
    0.834264
    0.834264
    0.756804
    0.756804
    0.834264
    0.756804
    0.756804
    0.756804
    0.756804
    0.756804
    0.834264
    0.756804
    0.756804
    0.756804
    0.756804
    0.756804
    0.756804
    0.756804
