    0.614794
    0.614794
    0.614794
    0.614794
    0.614794
    0.614794
    0.614794
    0.614794
    0.614794
    0.614794
    0.614794
    0.614794
    0.614794
    0.614794
    0.614794
    0.614794
    0.614794
    0.614794
    0.614794
    0.614794
    0.614794
    0.614794
    0.614794
    0.614794
    0.614794
    0.614794
    0.614794
    0.614794
    0.614794
    0.614794
    0.614794
    0.614794
    0.614794
    0.614794
    0.614794
    0.614794
    0.614794
    0.614794
    0.614794
    0.614794
    0.614794
    0.614794
    0.614794
    0.614794
    0.614794
    0.614794
    0.614794
    0.614794
    0.614794
    0.614794
    0.614794
    0.614794
    0.614794
    0.614794
    0.614794
    0.614794
    0.614794
    0.614794
    0.614794
    0.614794
    0.614794
    0.614794
    0.614794
    0.614794
    0.614794
    0.614794
    0.614794
    0.614794
    0.614794
    0.614794
    0.614794
    0.614794
    0.614794
    0.614794
    0.614794
    0.614794
    0.614794
    0.614794
    0.614794
    0.614794
    0.614794
    0.614794
    0.614794
    0.614794
    0.614794
    0.628053
    0.628053
    0.628053
    0.628053
    0.628053
    0.628053
    0.628053
    0.628053
    0.628053
    0.628053
    0.628053
    0.628053
    0.628053
    0.628053
    0.628053
