    0.575715
    0.597348
    0.597348
    0.597348
    0.597348
    0.597348
    0.597348
    0.575715
    0.575715
    0.575715
    0.597348
    0.597348
    0.575715
    0.597348
    0.597348
    0.597348
    0.597348
    0.597348
    0.597348
    0.575715
    0.597348
    0.597348
    0.597348
    0.597348
    0.597348
    0.597348
    0.575715
    0.575715
    0.575715
    0.575715
    0.575715
    0.597348
    0.597348
    0.597348
    0.597348
    0.575715
    0.597348
    0.575715
    0.597348
    0.597348
    0.597348
    0.597348
    0.597348
    0.575715
    0.575715
    0.597348
    0.575715
    0.597348
    0.597348
    0.597348
    0.575715
    0.575715
    0.575715
    0.575715
    0.575715
    0.597348
    0.597348
    0.597348
    0.575715
    0.597348
    0.597348
    0.597348
    0.597348
    0.597348
    0.575715
    0.597348
    0.597348
    0.597348
    0.575715
    0.597348
    0.597348
    0.597348
    0.597348
    0.597348
    0.597348
    0.597348
    0.597348
    0.597348
    0.578507
    0.597348
    0.597348
    0.597348
    0.597348
    0.597348
    0.597348
    0.578507
    0.597348
    0.597348
    0.575715
    0.575715
    0.597348
    0.575715
    0.575715
    0.575715
    0.575715
    0.575715
    0.597348
    0.597348
    0.575715
    0.597348
