    0.165736
    0.160154
    0.160154
    0.160154
    0.160154
    0.160154
    0.160154
    0.160154
    0.160154
    0.160154
    0.160154
    0.160154
    0.160154
    0.165736
    0.165736
    0.165736
    0.165736
    0.165736
    0.160154
    0.160154
    0.165736
    0.160154
    0.160154
    0.160154
    0.160154
    0.160154
    0.160154
    0.165736
    0.165736
    0.165736
    0.160154
    0.160154
    0.160154
    0.160154
    0.160154
    0.160154
    0.160154
    0.165736
    0.165736
    0.160154
    0.160154
    0.160154
    0.160154
    0.160154
    0.160154
    0.165736
    0.165736
    0.165736
    0.160154
    0.165736
    0.160154
    0.160154
    0.160154
    0.160154
    0.160154
    0.160154
    0.160154
    0.160154
    0.165736
    0.160154
    0.160154
    0.160154
    0.160154
    0.160154
    0.160154
    0.160154
    0.160154
    0.160154
    0.160154
    0.160154
    0.160154
    0.160154
    0.160154
    0.160154
    0.160154
    0.160154
    0.160154
    0.160154
    0.160154
    0.160154
    0.160154
    0.160154
    0.160154
    0.160154
    0.160154
    0.160154
    0.165736
    0.165736
    0.165736
    0.165736
    0.165736
    0.165736
    0.160154
    0.160154
    0.160154
    0.160154
    0.160154
    0.160154
    0.160154
    0.160154
