    0.155967
    0.155967
    0.155967
    0.155967
    0.155967
    0.155967
    0.154571
    0.154571
    0.154571
    0.155967
    0.154571
    0.155967
    0.155967
    0.155967
    0.155967
    0.155967
    0.155967
    0.155967
    0.155967
    0.155967
    0.154571
    0.154571
    0.154571
    0.154571
    0.154571
    0.154571
    0.154571
    0.154571
    0.154571
    0.154571
    0.154571
    0.155967
    0.155967
    0.155967
    0.155967
    0.155967
    0.155967
    0.155967
    0.154571
    0.154571
    0.154571
    0.154571
    0.155967
    0.154571
    0.154571
    0.154571
    0.154571
    0.154571
    0.154571
    0.154571
    0.155967
    0.155967
    0.154571
    0.155967
    0.155967
    0.154571
    0.154571
    0.155967
    0.154571
    0.155967
    0.155967
    0.155967
    0.155967
    0.155967
    0.155967
    0.155967
    0.155967
    0.155967
    0.155967
    0.155967
    0.155967
    0.155967
    0.154571
    0.155967
    0.155967
    0.155967
    0.155967
    0.154571
    0.154571
    0.154571
    0.155967
    0.154571
    0.154571
    0.154571
    0.154571
    0.155967
    0.155967
    0.155967
    0.155967
    0.155967
    0.155967
    0.155967
    0.154571
    0.154571
    0.154571
    0.154571
    0.154571
    0.154571
    0.154571
    0.155967
