    0.482903
    0.482903
    0.482903
    0.482903
    0.482903
    0.482903
    0.482903
    0.482903
    0.482903
    0.482903
    0.482903
    0.482903
    0.482903
    0.482903
    0.482903
    0.482903
    0.482903
    0.482903
    0.482903
    0.482903
    0.482903
    0.482903
    0.482903
    0.482903
    0.482903
    0.482903
    0.482903
    0.482903
    0.482903
    0.482903
    0.482903
    0.482903
    0.482903
    0.482903
    0.482903
    0.482903
    0.482903
    0.482903
    0.482903
    0.482903
    0.482903
    0.482903
    0.482903
    0.482903
    0.482903
    0.482903
    0.482903
    0.482903
    0.482903
    0.482903
    0.482903
    0.482903
    0.482903
    0.482903
    0.482903
    0.482903
    0.482903
    0.482903
    0.482903
    0.482903
    0.482903
    0.482903
    0.482903
    0.482903
    0.482903
    0.482903
    0.482903
    0.482903
    0.482903
    0.482903
    0.482903
    0.482903
    0.482903
    0.482903
    0.482903
    0.482903
    0.482903
    0.482903
    0.482903
    0.482903
    0.482903
    0.482903
    0.482903
    0.482903
    0.482903
    0.482903
    0.482903
    0.482903
    0.482903
    0.482903
    0.482903
    0.482903
    0.482903
    0.482903
    0.482903
    0.482903
    0.482903
    0.482903
    0.482903
    0.480809
