    0.724703
    0.724703
    0.724703
    0.724703
    0.724703
    0.724703
    0.809839
    0.724703
    0.724703
    0.809839
    0.724703
    0.724703
    0.809839
    0.809839
    0.809839
    0.809839
    0.724703
    0.724703
    0.809839
    0.724703
    0.724703
    0.724703
    0.724703
    0.724703
    0.809839
    0.809839
    0.809839
    0.809839
    0.724703
    0.809839
    0.809839
    0.724703
    0.809839
    0.809839
    0.809839
    0.724703
    0.724703
    0.724703
    0.724703
    0.809839
    0.724703
    0.724703
    0.724703
    0.809839
    0.809839
    0.724703
    0.724703
    0.809839
    0.724703
    0.724703
    0.724703
    0.809839
    0.809839
    0.809839
    0.724703
    0.724703
    0.724703
    0.724703
    0.724703
    0.809839
    0.724703
    0.724703
    0.809839
    0.724703
    0.809839
    0.809839
    0.724703
    0.724703
    0.809839
    0.809839
    0.809839
    0.809839
    0.724703
    0.724703
    0.809839
    0.809839
    0.809839
    0.809839
    0.809839
    0.724703
    0.724703
    0.724703
    0.724703
    0.724703
    0.809839
    0.724703
    0.724703
    0.809839
    0.724703
    0.809839
    0.724703
    0.809839
    0.724703
    0.809839
    0.809839
    0.809839
    0.724703
    0.809839
    0.724703
    0.724703
