    0.571528
    0.571528
    0.571528
    0.571528
    0.571528
    0.571528
    0.596650
    0.571528
    0.571528
    0.582694
    0.582694
    0.582694
    0.582694
    0.582694
    0.582694
    0.597348
    0.597348
    0.597348
    0.582694
    0.597348
    0.582694
    0.582694
    0.582694
    0.582694
    0.582694
    0.582694
    0.582694
    0.582694
    0.582694
    0.582694
    0.582694
    0.597348
    0.582694
    0.582694
    0.582694
    0.582694
    0.582694
    0.597348
    0.582694
    0.571528
    0.571528
    0.571528
    0.571528
    0.596650
    0.596650
    0.596650
    0.571528
    0.598046
    0.598046
    0.570830
    0.570830
    0.570830
    0.570830
    0.570830
    0.570830
    0.570830
    0.570830
    0.570830
    0.570830
    0.570830
    0.570830
    0.598046
    0.570830
    0.598046
    0.570830
    0.598046
    0.570830
    0.570830
    0.570830
    0.598046
    0.570830
    0.598046
    0.570830
    0.598046
    0.570830
    0.598046
    0.598046
    0.570830
    0.598046
    0.598046
    0.570830
    0.570830
    0.570830
    0.598046
    0.570830
    0.570830
    0.570830
    0.570830
    0.570830
    0.570830
    0.570830
    0.570830
    0.570830
    0.570830
    0.570830
    0.570830
    0.570830
    0.570830
    0.570830
    0.570830
