    0.560363
    0.560363
    0.560363
    0.560363
    0.560363
    0.560363
    0.560363
    0.560363
    0.560363
    0.560363
    0.560363
    0.560363
    0.560363
    0.560363
    0.560363
    0.560363
    0.560363
    0.560363
    0.560363
    0.560363
    0.560363
    0.560363
    0.560363
    0.560363
    0.560363
    0.560363
    0.560363
    0.560363
    0.560363
    0.560363
    0.560363
    0.560363
    0.560363
    0.560363
    0.560363
    0.560363
    0.560363
    0.560363
    0.560363
    0.560363
    0.560363
    0.560363
    0.560363
    0.560363
    0.560363
    0.595953
    0.595953
    0.595953
    0.595953
    0.593859
    0.595953
    0.595953
    0.595953
    0.593859
    0.593859
    0.593859
    0.593859
    0.593859
    0.593859
    0.593859
    0.593859
    0.593859
    0.593859
    0.593859
    0.593859
    0.593859
    0.593859
    0.593859
    0.593859
    0.593859
    0.593859
    0.593859
    0.593859
    0.593859
    0.593859
    0.593859
    0.595953
    0.595953
    0.595953
    0.595953
    0.595953
    0.595953
    0.595953
    0.595953
    0.595953
    0.595953
    0.595953
    0.595953
    0.595953
    0.595953
    0.595953
    0.595953
    0.595953
    0.595953
    0.595953
    0.595953
    0.595953
    0.595953
    0.595953
    0.595953
