    0.544313
    0.544313
    0.544313
    0.544313
    0.544313
    0.544313
    0.544313
    0.544313
    0.544313
    0.544313
    0.544313
    0.544313
    0.544313
    0.544313
    0.544313
    0.544313
    0.544313
    0.544313
    0.544313
    0.544313
    0.544313
    0.544313
    0.544313
    0.544313
    0.544313
    0.579204
    0.544313
    0.544313
    0.544313
    0.544313
    0.544313
    0.544313
    0.544313
    0.544313
    0.544313
    0.544313
    0.544313
    0.544313
    0.544313
    0.544313
    0.544313
    0.544313
    0.544313
    0.544313
    0.579204
    0.544313
    0.544313
    0.544313
    0.544313
    0.544313
    0.544313
    0.544313
    0.544313
    0.544313
    0.544313
    0.544313
    0.544313
    0.544313
    0.544313
    0.544313
    0.544313
    0.544313
    0.544313
    0.544313
    0.544313
    0.544313
    0.544313
    0.544313
    0.544313
    0.544313
    0.544313
    0.544313
    0.544313
    0.544313
    0.544313
    0.544313
    0.544313
    0.544313
    0.544313
    0.544313
    0.544313
    0.544313
    0.544313
    0.544313
    0.544313
    0.544313
    0.544313
    0.544313
    0.544313
    0.544313
    0.544313
    0.544313
    0.544313
    0.544313
    0.544313
    0.544313
    0.544313
    0.544313
    0.544313
    0.544313
