    0.835659
    0.740056
    0.740056
    0.834962
    0.835659
    0.834962
    0.740056
    0.834962
    0.740056
    0.835659
    0.740056
    0.740056
    0.740056
    0.740056
    0.740056
    0.740056
    0.835659
    0.835659
    0.740056
    0.740056
    0.740056
    0.740056
    0.740056
    0.740056
    0.740056
    0.740056
    0.740056
    0.740056
    0.834962
    0.740056
    0.740056
    0.740056
    0.740056
    0.835659
    0.740056
    0.740056
    0.740056
    0.740056
    0.834962
    0.740056
    0.740056
    0.834962
    0.740056
    0.740056
    0.740056
    0.740056
    0.740056
    0.740056
    0.740056
    0.740056
    0.740056
    0.740056
    0.740056
    0.740056
    0.740056
    0.740056
    0.834962
    0.740056
    0.740056
    0.740056
    0.740056
    0.740056
    0.740056
    0.740056
    0.740056
    0.740056
    0.740056
    0.740056
    0.740056
    0.740056
    0.740056
    0.740056
    0.740056
    0.740056
    0.740056
    0.740056
    0.740056
    0.740056
    0.740056
    0.740056
    0.740056
    0.740056
    0.740056
    0.740056
    0.740056
    0.740056
    0.740056
    0.740056
    0.740056
    0.740056
    0.740056
    0.740056
    0.740056
    0.740056
    0.740056
    0.740056
    0.740056
    0.740056
    0.740056
    0.740056
