    0.250174
    0.250174
    0.250174
    0.250174
    0.209700
    0.209700
    0.209700
    0.209700
    0.209700
    0.250174
    0.250174
    0.209700
    0.209700
    0.209700
    0.209700
    0.209700
    0.209700
    0.209700
    0.250174
    0.209700
    0.250174
    0.250174
    0.250174
    0.209700
    0.209700
    0.209700
    0.209700
    0.209700
    0.209700
    0.209700
    0.209700
    0.209700
    0.209700
    0.250174
    0.209700
    0.209700
    0.250174
    0.209700
    0.250174
    0.250174
    0.250174
    0.209700
    0.250174
    0.209700
    0.209700
    0.209700
    0.250174
    0.209700
    0.250174
    0.250174
    0.209700
    0.209700
    0.209700
    0.250174
    0.209700
    0.250174
    0.250174
    0.250174
    0.250174
    0.209700
    0.209700
    0.250174
    0.209700
    0.250174
    0.209700
    0.209700
    0.211096
    0.260642
    0.260642
    0.260642
    0.260642
    0.211096
    0.211096
    0.211096
    0.211096
    0.260642
    0.260642
    0.260642
    0.260642
    0.260642
    0.250174
    0.211096
    0.209700
    0.211096
    0.211096
    0.211096
    0.250174
    0.250174
    0.209700
    0.250174
    0.250174
    0.209700
    0.209700
    0.209700
    0.209700
    0.209700
    0.209700
    0.209700
    0.209700
    0.209700
