    0.544313
    0.544313
    0.544313
    0.544313
    0.544313
    0.544313
    0.544313
    0.544313
    0.544313
    0.544313
    0.583391
    0.544313
    0.544313
    0.544313
    0.544313
    0.544313
    0.544313
    0.544313
    0.544313
    0.544313
    0.544313
    0.544313
    0.544313
    0.544313
    0.544313
    0.544313
    0.544313
    0.544313
    0.544313
    0.544313
    0.544313
    0.544313
    0.544313
    0.544313
    0.544313
    0.544313
    0.544313
    0.544313
    0.544313
    0.544313
    0.544313
    0.544313
    0.532449
    0.532449
    0.532449
    0.544313
    0.544313
    0.544313
    0.544313
    0.544313
    0.544313
    0.544313
    0.544313
    0.544313
    0.544313
    0.544313
    0.544313
    0.544313
    0.544313
    0.544313
    0.544313
    0.544313
    0.544313
    0.544313
    0.544313
    0.544313
    0.544313
    0.544313
    0.544313
    0.544313
    0.544313
    0.544313
    0.544313
    0.544313
    0.544313
    0.544313
    0.544313
    0.544313
    0.544313
    0.544313
    0.544313
    0.544313
    0.544313
    0.544313
    0.544313
    0.544313
    0.532449
    0.532449
    0.532449
    0.532449
    0.532449
    0.532449
    0.532449
    0.532449
    0.532449
    0.532449
    0.532449
    0.532449
    0.532449
    0.532449
