    0.605373
    0.605373
    0.605373
    0.605373
    0.605373
    0.605373
    0.605373
    0.605373
    0.675855
    0.675855
    0.605373
    0.605373
    0.605373
    0.605373
    0.605373
    0.605373
    0.605373
    0.605373
    0.605373
    0.605373
    0.605373
    0.605373
    0.605373
    0.605373
    0.605373
    0.605373
    0.675855
    0.605373
    0.605373
    0.605373
    0.605373
    0.605373
    0.605373
    0.688416
    0.605373
    0.688416
    0.605373
    0.605373
    0.605373
    0.605373
    0.688416
    0.605373
    0.605373
    0.605373
    0.605373
    0.675855
    0.605373
    0.605373
    0.605373
    0.605373
    0.605373
    0.605373
    0.605373
    0.605373
    0.688416
    0.605373
    0.605373
    0.605373
    0.605373
    0.605373
    0.605373
    0.605373
    0.605373
    0.605373
    0.675855
    0.605373
    0.605373
    0.605373
    0.605373
    0.688416
    0.605373
    0.675855
    0.688416
    0.688416
    0.605373
    0.605373
    0.688416
    0.605373
    0.688416
    0.605373
    0.605373
    0.605373
    0.605373
    0.688416
    0.605373
    0.605373
    0.605373
    0.605373
    0.605373
    0.605373
    0.605373
    0.605373
    0.688416
    0.605373
    0.605373
    0.605373
    0.675855
    0.605373
    0.605373
    0.605373
