    0.324145
    0.270412
    0.270412
    0.270412
    0.270412
    0.270412
    0.324145
    0.270412
    0.324145
    0.324145
    0.324145
    0.324145
    0.324145
    0.324145
    0.324145
    0.257851
    0.257851
    0.257851
    0.312282
    0.312282
    0.257851
    0.257851
    0.257851
    0.257851
    0.257851
    0.312282
    0.257851
    0.257851
    0.312282
    0.312282
    0.312282
    0.312282
    0.257851
    0.257851
    0.257851
    0.312282
    0.257851
    0.257851
    0.257851
    0.312282
    0.312282
    0.257851
    0.312282
    0.312282
    0.257851
    0.312282
    0.312282
    0.312282
    0.257851
    0.257851
    0.257851
    0.257851
    0.257851
    0.257851
    0.257851
    0.257851
    0.257851
    0.312282
    0.257851
    0.257851
    0.312282
    0.257851
    0.257851
    0.312282
    0.312282
    0.257851
    0.257851
    0.257851
    0.257851
    0.257851
    0.257851
    0.312282
    0.257851
    0.257851
    0.257851
    0.257851
    0.257851
    0.312282
    0.257851
    0.257851
    0.312282
    0.257851
    0.257851
    0.257851
    0.257851
    0.257851
    0.257851
    0.257851
    0.257851
    0.257851
    0.257851
    0.312282
    0.312282
    0.312282
    0.312282
    0.312282
    0.312282
    0.257851
    0.257851
    0.312282
