    0.181089
    0.197837
    0.197837
    0.181089
    0.197837
    0.197837
    0.181089
    0.181089
    0.197837
    0.197837
    0.181089
    0.181089
    0.181089
    0.181089
    0.181089
    0.197837
    0.181089
    0.181089
    0.181089
    0.197837
    0.181089
    0.181089
    0.181089
    0.181089
    0.181089
    0.181089
    0.181089
    0.181089
    0.181089
    0.181089
    0.181786
    0.200628
    0.200628
    0.200628
    0.200628
    0.197837
    0.181786
    0.200628
    0.181786
    0.197837
    0.181089
    0.181089
    0.181089
    0.181089
    0.181089
    0.181089
    0.181089
    0.181089
    0.181089
    0.181089
    0.181089
    0.181089
    0.181089
    0.181089
    0.181089
    0.181089
    0.181089
    0.181089
    0.181089
    0.181089
    0.181089
    0.197837
    0.181089
    0.197837
    0.197837
    0.181089
    0.200628
    0.181786
    0.200628
    0.181786
    0.200628
    0.181786
    0.200628
    0.200628
    0.181786
    0.181786
    0.200628
    0.181786
    0.200628
    0.181786
    0.181786
    0.200628
    0.200628
    0.181786
    0.200628
    0.181786
    0.200628
    0.200628
    0.181786
    0.181786
    0.181786
    0.200628
    0.200628
    0.181786
    0.181786
    0.181786
    0.181786
    0.200628
    0.200628
    0.181786
