    0.714585
    0.535939
    0.535939
    0.535939
    0.535939
    0.535939
    0.535939
    0.535939
    0.535939
    0.714585
    0.714585
    0.714585
    0.731333
    0.512910
    0.512910
    0.512910
    0.512910
    0.512910
    0.512910
    0.512910
    0.731333
    0.512910
    0.731333
    0.731333
    0.512910
    0.512910
    0.512910
    0.731333
    0.731333
    0.512910
    0.731333
    0.512910
    0.731333
    0.731333
    0.731333
    0.512910
    0.512910
    0.512910
    0.731333
    0.512910
    0.512910
    0.512910
    0.512910
    0.731333
    0.512910
    0.512910
    0.512910
    0.512910
    0.512910
    0.512910
    0.512910
    0.512910
    0.512910
    0.731333
    0.512910
    0.512910
    0.512910
    0.512910
    0.512910
    0.731333
    0.731333
    0.512910
    0.512910
    0.731333
    0.512910
    0.512910
    0.512910
    0.512910
    0.512910
    0.731333
    0.731333
    0.731333
    0.512910
    0.512910
    0.512910
    0.512910
    0.512910
    0.512910
    0.512910
    0.731333
    0.731333
    0.512910
    0.512910
    0.512910
    0.512910
    0.512910
    0.512910
    0.512910
    0.731333
    0.512910
    0.512910
    0.731333
    0.512910
    0.731333
    0.731333
    0.512910
    0.512910
    0.512910
    0.512910
    0.512910
