    0.403001
    0.403001
    0.403001
    0.403001
    0.403001
    0.403001
    0.403001
    0.432310
    0.403001
    0.403001
    0.403001
    0.403001
    0.403001
    0.384857
    0.384857
    0.384857
    0.384857
    0.384857
    0.403001
    0.403001
    0.403001
    0.403001
    0.403001
    0.403001
    0.403001
    0.403001
    0.403001
    0.403001
    0.403001
    0.403001
    0.403001
    0.403001
    0.403001
    0.403001
    0.403001
    0.403001
    0.403001
    0.403001
    0.403001
    0.403001
    0.403001
    0.403001
    0.403001
    0.403001
    0.403001
    0.403001
    0.403001
    0.403001
    0.403001
    0.403001
    0.403001
    0.403001
    0.403001
    0.403001
    0.403001
    0.403001
    0.403001
    0.403001
    0.403001
    0.403001
    0.403001
    0.403001
    0.403001
    0.403001
    0.403001
    0.403001
    0.403001
    0.403001
    0.403001
    0.403001
    0.403001
    0.403001
    0.403001
    0.403001
    0.403001
    0.403001
    0.403001
    0.403001
    0.403001
    0.403001
    0.403001
    0.403001
    0.403001
    0.403001
    0.403001
    0.403001
    0.403001
    0.403001
    0.403001
    0.403001
    0.403001
    0.403001
    0.403001
    0.403001
    0.403001
    0.403001
    0.403001
    0.403001
    0.403001
    0.403001
