    0.758200
    0.758200
    0.758200
    0.758200
    0.758200
    0.758200
    0.758200
    0.758200
    0.758200
    0.758200
    0.758200
    0.758200
    0.758200
    0.758200
    0.758200
    0.758200
    0.758200
    0.758200
    0.758200
    0.758200
    0.758200
    0.758200
    0.758200
    0.758200
    0.758200
    0.758200
    0.758200
    0.758200
    0.758200
    0.758200
    0.758200
    0.758200
    0.758200
    0.758200
    0.758200
    0.758200
    0.758200
    0.758200
    0.758200
    0.758200
    0.758200
    0.758200
    0.758200
    0.758200
    0.758200
    0.758200
    0.758200
    0.848221
    0.848221
    0.758200
    0.758200
    0.758200
    0.758200
    0.758200
    0.758200
    0.848221
    0.758200
    0.758200
    0.758200
    0.758200
    0.758200
    0.758200
    0.758200
    0.758200
    0.758200
    0.758200
    0.758200
    0.758200
    0.758200
    0.758200
    0.758200
    0.758200
    0.758200
    0.758200
    0.758200
    0.758200
    0.758200
    0.758200
    0.758200
    0.758200
    0.758200
    0.758200
    0.758200
    0.758200
    0.758200
    0.758200
    0.758200
    0.758200
    0.758200
    0.758200
    0.758200
    0.758200
    0.758200
    0.758200
    0.758200
    0.758200
    0.758200
    0.848221
    0.758200
    0.758200
