    0.726797
    0.726797
    0.726797
    0.726797
    0.726797
    0.726797
    0.726797
    0.726797
    0.726797
    0.726797
    0.726797
    0.726797
    0.726797
    0.726797
    0.726797
    0.726797
    0.726797
    0.726797
    0.726797
    0.723308
    0.723308
    0.723308
    0.723308
    0.723308
    0.723308
    0.723308
    0.723308
    0.723308
    0.723308
    0.723308
    0.723308
    0.825890
    0.723308
    0.825890
    0.723308
    0.723308
    0.723308
    0.825890
    0.723308
    0.723308
    0.723308
    0.723308
    0.723308
    0.723308
    0.723308
    0.723308
    0.723308
    0.723308
    0.825890
    0.723308
    0.825890
    0.825890
    0.825890
    0.825890
    0.825890
    0.723308
    0.825890
    0.723308
    0.723308
    0.825890
    0.825890
    0.825890
    0.825890
    0.825890
    0.825890
    0.723308
    0.825890
    0.825890
    0.825890
    0.723308
    0.825890
    0.723308
    0.825890
    0.723308
    0.825890
    0.825890
    0.723308
    0.825890
    0.825890
    0.825890
    0.723308
    0.825890
    0.723308
    0.723308
    0.723308
    0.723308
    0.723308
    0.723308
    0.825890
    0.723308
    0.723308
    0.723308
    0.723308
    0.825890
    0.723308
    0.825890
    0.723308
    0.723308
    0.723308
    0.723308
