    0.477669
    0.477669
    0.477669
    0.477669
    0.477669
    0.477669
    0.477669
    0.477669
    0.477669
    0.477669
    0.477669
    0.477669
    0.477669
    0.477669
    0.477669
    0.477669
    0.477669
    0.477669
    0.477669
    0.477669
    0.477669
    0.477669
    0.477669
    0.477669
    0.477669
    0.477669
    0.477669
    0.477669
    0.477669
    0.477669
    0.477669
    0.477669
    0.477669
    0.477669
    0.477669
    0.477669
    0.477669
    0.477669
    0.477669
    0.477669
    0.477669
    0.477669
    0.477669
    0.477669
    0.477669
    0.477669
    0.477669
    0.477669
    0.477669
    0.477669
    0.477669
    0.477669
    0.477669
    0.477669
    0.477669
    0.477669
    0.477669
    0.477669
    0.477669
    0.477669
    0.477669
    0.477669
    0.477669
    0.477669
    0.477669
    0.477669
    0.477669
    0.477669
    0.477669
    0.477669
    0.477669
    0.477669
    0.477669
    0.477669
    0.477669
    0.477669
    0.477669
    0.477669
    0.477669
    0.477669
    0.477669
    0.477669
    0.477669
    0.477669
    0.477669
    0.477669
    0.477669
    0.477669
    0.477669
    0.391137
    0.391137
    0.391137
    0.391137
    0.391137
    0.391137
    0.391137
    0.391137
    0.391137
    0.391137
    0.391137
