    0.507327
    0.507327
    0.507327
    0.507327
    0.507327
    0.507327
    0.507327
    0.507327
    0.507327
    0.507327
    0.507327
    0.507327
    0.507327
    0.507327
    0.507327
    0.507327
    0.507327
    0.515701
    0.507327
    0.515701
    0.507327
    0.507327
    0.507327
    0.507327
    0.507327
    0.507327
    0.507327
    0.507327
    0.507327
    0.507327
    0.515701
    0.515701
    0.515701
    0.515701
    0.515701
    0.515701
    0.515701
    0.515701
    0.515701
    0.515701
    0.515701
    0.515701
    0.515701
    0.515701
    0.515701
    0.515701
    0.515701
    0.515701
    0.515701
    0.515701
    0.515701
    0.515701
    0.515701
    0.515701
    0.515701
    0.515701
    0.515701
    0.515701
    0.515701
    0.515701
    0.515701
    0.515701
    0.515701
    0.515701
    0.515701
    0.515701
    0.515701
    0.515701
    0.515701
    0.515701
    0.515701
    0.515701
    0.515701
    0.515701
    0.515701
    0.515701
    0.515701
    0.515701
    0.515701
    0.515701
    0.515701
    0.515701
    0.515701
    0.515701
    0.515701
    0.515701
    0.515701
    0.515701
    0.515701
    0.515701
    0.515701
    0.515701
    0.515701
    0.515701
    0.515701
    0.515701
    0.515701
    0.515701
    0.515701
    0.515701
