    0.161549
    0.165736
    0.161549
    0.161549
    0.161549
    0.165736
    0.165736
    0.161549
    0.161549
    0.165736
    0.161549
    0.165736
    0.161549
    0.161549
    0.161549
    0.161549
    0.165736
    0.161549
    0.161549
    0.161549
    0.161549
    0.165736
    0.161549
    0.165736
    0.161549
    0.161549
    0.165736
    0.161549
    0.161549
    0.161549
    0.161549
    0.161549
    0.161549
    0.161549
    0.161549
    0.165736
    0.161549
    0.161549
    0.161549
    0.161549
    0.161549
    0.165736
    0.161549
    0.161549
    0.161549
    0.161549
    0.161549
    0.161549
    0.165736
    0.161549
    0.165736
    0.165736
    0.161549
    0.161549
    0.161549
    0.161549
    0.161549
    0.165736
    0.161549
    0.165736
    0.165736
    0.161549
    0.161549
    0.161549
    0.161549
    0.161549
    0.161549
    0.161549
    0.161549
    0.161549
    0.161549
    0.161549
    0.161549
    0.165736
    0.161549
    0.161549
    0.161549
    0.161549
    0.161549
    0.161549
    0.161549
    0.165736
    0.165736
    0.165736
    0.161549
    0.165736
    0.161549
    0.161549
    0.161549
    0.165736
    0.165736
    0.161549
    0.161549
    0.161549
    0.165736
    0.165736
    0.161549
    0.161549
    0.161549
    0.161549
