    0.720516
    0.720516
    0.799372
    0.720516
    0.720516
    0.800768
    0.720516
    0.720516
    0.720516
    0.720516
    0.720516
    0.720516
    0.720516
    0.800768
    0.720516
    0.720516
    0.720516
    0.799372
    0.720516
    0.799372
    0.799372
    0.799372
    0.720516
    0.800768
    0.800768
    0.720516
    0.720516
    0.799372
    0.800768
    0.799372
    0.720516
    0.799372
    0.720516
    0.720516
    0.720516
    0.720516
    0.720516
    0.720516
    0.720516
    0.720516
    0.720516
    0.720516
    0.720516
    0.800768
    0.720516
    0.720516
    0.720516
    0.720516
    0.720516
    0.720516
    0.720516
    0.720516
    0.720516
    0.720516
    0.720516
    0.720516
    0.720516
    0.720516
    0.720516
    0.720516
    0.720516
    0.720516
    0.799372
    0.720516
    0.720516
    0.799372
    0.720516
    0.720516
    0.799372
    0.800768
    0.800768
    0.720516
    0.799372
    0.799372
    0.720516
    0.720516
    0.720516
    0.800768
    0.800768
    0.720516
    0.800768
    0.800768
    0.799372
    0.720516
    0.799372
    0.720516
    0.720516
    0.720516
    0.720516
    0.720516
    0.720516
    0.800768
    0.720516
    0.720516
    0.720516
    0.720516
    0.720516
    0.720516
    0.800768
    0.720516
