    0.646197
    0.646197
    0.646197
    0.646197
    0.646197
    0.646197
    0.646197
    0.646197
    0.983252
    0.646197
    0.646197
    0.646197
    0.646197
    0.646197
    0.983950
    0.646197
    0.646197
    0.646197
    0.646197
    0.646197
    0.646197
    0.646197
    0.646197
    0.646197
    0.646197
    0.646197
    0.646197
    0.646197
    0.646197
    0.646197
    0.646197
    0.646197
    0.646197
    0.646197
    0.646197
    0.646197
    0.646197
    0.646197
    0.646197
    0.646197
    0.646197
    0.646197
    0.646197
    0.646197
    0.646197
    0.646197
    0.646197
    0.646197
    0.646197
    0.646197
    0.646197
    0.646197
    0.646197
    0.646197
    0.646197
    0.646197
    0.646197
    0.646197
    0.646197
    0.646197
    0.663643
    0.663643
    0.663643
    0.663643
    0.663643
    0.663643
    0.663643
    0.663643
    0.646197
    0.663643
    0.663643
    0.663643
    0.646197
    0.646197
    0.646197
    0.646197
    0.646197
    0.646197
    0.646197
    0.646197
    0.646197
    0.646197
    0.646197
    0.646197
    0.646197
    0.646197
    0.646197
    0.646197
    0.646197
    0.646197
    0.646197
    0.663643
    0.663643
    0.663643
    0.663643
    0.663643
    0.663643
    0.663643
    0.663643
    0.663643
