    0.827285
    0.732380
    0.732380
    0.827285
    0.732380
    0.732380
    0.827285
    0.732380
    0.732380
    0.732380
    0.732380
    0.827285
    0.732380
    0.732380
    0.827285
    0.732380
    0.732380
    0.732380
    0.732380
    0.732380
    0.732380
    0.732380
    0.732380
    0.732380
    0.732380
    0.827285
    0.732380
    0.827285
    0.732380
    0.732380
    0.732380
    0.732380
    0.827285
    0.732380
    0.732380
    0.827285
    0.827285
    0.732380
    0.827285
    0.827285
    0.732380
    0.732380
    0.732380
    0.732380
    0.732380
    0.732380
    0.732380
    0.827285
    0.827285
    0.823098
    0.823098
    0.731682
    0.823098
    0.823098
    0.731682
    0.731682
    0.823098
    0.823098
    0.731682
    0.823098
    0.823098
    0.823098
    0.731682
    0.731682
    0.731682
    0.731682
    0.731682
    0.731682
    0.823098
    0.823098
    0.823098
    0.731682
    0.731682
    0.823098
    0.731682
    0.823098
    0.823098
    0.823098
    0.823098
    0.731682
    0.823098
    0.823098
    0.731682
    0.731682
    0.731682
    0.731682
    0.731682
    0.823098
    0.731682
    0.731682
    0.823098
    0.731682
    0.731682
    0.731682
    0.731682
    0.731682
    0.731682
    0.731682
    0.823098
    0.731682
