    0.742149
    0.843336
    0.843336
    0.843336
    0.843336
    0.843336
    0.843336
    0.843336
    0.742149
    0.843336
    0.742149
    0.742149
    0.742149
    0.742149
    0.843336
    0.843336
    0.843336
    0.742149
    0.742149
    0.843336
    0.843336
    0.742149
    0.742149
    0.843336
    0.843336
    0.742149
    0.742149
    0.843336
    0.742149
    0.843336
    0.742149
    0.742149
    0.843336
    0.742149
    0.742149
    0.843336
    0.742149
    0.742149
    0.742149
    0.742149
    0.742149
    0.843336
    0.742149
    0.843336
    0.843336
    0.742149
    0.742149
    0.843336
    0.843336
    0.742149
    0.843336
    0.742149
    0.742149
    0.742149
    0.742149
    0.843336
    0.742149
    0.742149
    0.843336
    0.742149
    0.742149
    0.843336
    0.742149
    0.742149
    0.742149
    0.742149
    0.843336
    0.742149
    0.742149
    0.843336
    0.742149
    0.742149
    0.843336
    0.843336
    0.843336
    0.843336
    0.742149
    0.742149
    0.742149
    0.742149
    0.843336
    0.742149
    0.742149
    0.843336
    0.742149
    0.843336
    0.742149
    0.742149
    0.843336
    0.742149
    0.843336
    0.742149
    0.742149
    0.742149
    0.843336
    0.742149
    0.742149
    0.742149
    0.742149
    0.742149
