    0.708304
    0.708304
    0.708304
    0.708304
    0.708304
    0.708304
    0.708304
    0.708304
    0.708304
    0.646895
    0.646895
    0.646895
    0.646895
    0.646895
    0.646895
    0.646895
    0.646895
    0.646895
    0.646895
    0.646895
    0.646895
    0.646895
    0.646895
    0.646895
    0.646895
    0.646895
    0.646895
    0.646895
    0.646895
    0.646895
    0.646895
    0.646895
    0.646895
    0.646895
    0.646895
    0.646895
    0.646895
    0.646895
    0.646895
    0.646895
    0.646895
    0.646895
    0.646895
    0.646895
    0.646895
    0.646895
    0.646895
    0.646895
    0.646895
    0.646895
    0.646895
    0.646895
    0.646895
    0.646895
    0.646895
    0.646895
    0.646895
    0.646895
    0.646895
    0.646895
    0.646895
    0.646895
    0.646895
    0.646895
    0.646895
    0.646895
    0.646895
    0.646895
    0.646895
    0.646895
    0.646895
    0.646895
    0.646895
    0.646895
    0.646895
    0.646895
    0.646895
    0.646895
    0.646895
    0.646895
    0.646895
    0.646895
    0.646895
    0.646895
    0.646895
    0.646895
    0.646895
    0.646895
    0.646895
    0.646895
    0.646895
    0.646895
    0.646895
    0.646895
    0.646895
    0.646895
    0.646895
    0.646895
    0.646895
    0.646895
