    0.185276
    0.185276
    0.185276
    0.206211
    0.206211
    0.206211
    0.206211
    0.185276
    0.185276
    0.185276
    0.206211
    0.185276
    0.206211
    0.185276
    0.206211
    0.185276
    0.185276
    0.206211
    0.185276
    0.185276
    0.185276
    0.206211
    0.185276
    0.185276
    0.185276
    0.185276
    0.185276
    0.206211
    0.206211
    0.185276
    0.185276
    0.185276
    0.185276
    0.185276
    0.185276
    0.185276
    0.185276
    0.185276
    0.185276
    0.185276
    0.206211
    0.185276
    0.206211
    0.206211
    0.185276
    0.185276
    0.185276
    0.206211
    0.185276
    0.185276
    0.185276
    0.185276
    0.185276
    0.185276
    0.185276
    0.185276
    0.185276
    0.185276
    0.185276
    0.206211
    0.185276
    0.185276
    0.185276
    0.206211
    0.185276
    0.185276
    0.185276
    0.185276
    0.185276
    0.185276
    0.185276
    0.185276
    0.185276
    0.185276
    0.206211
    0.206211
    0.185276
    0.185276
    0.185276
    0.185276
    0.185276
    0.206211
    0.185276
    0.206211
    0.185973
    0.202722
    0.202722
    0.202722
    0.202722
    0.202722
    0.185973
    0.185973
    0.202722
    0.185973
    0.185973
    0.185973
    0.185973
    0.202722
    0.185973
    0.202722
