    0.179693
    0.172715
    0.179693
    0.179693
    0.172715
    0.172715
    0.172715
    0.172715
    0.172715
    0.172715
    0.172715
    0.172715
    0.172715
    0.172715
    0.172715
    0.172715
    0.179693
    0.172715
    0.179693
    0.172715
    0.179693
    0.172715
    0.179693
    0.179693
    0.179693
    0.172715
    0.172715
    0.179693
    0.172715
    0.172715
    0.172715
    0.172715
    0.172715
    0.172715
    0.172715
    0.179693
    0.172715
    0.172715
    0.172715
    0.172715
    0.172715
    0.172715
    0.172715
    0.172715
    0.172715
    0.172715
    0.179693
    0.179693
    0.179693
    0.179693
    0.179693
    0.179693
    0.172715
    0.172715
    0.179693
    0.179693
    0.172715
    0.179693
    0.179693
    0.179693
    0.179693
    0.179693
    0.179693
    0.179693
    0.179693
    0.179693
    0.172715
    0.179693
    0.172715
    0.172715
    0.179693
    0.172715
    0.172715
    0.172715
    0.172715
    0.172715
    0.172715
    0.172715
    0.172715
    0.172715
    0.179693
    0.172715
    0.179693
    0.179693
    0.172715
    0.172715
    0.179693
    0.179693
    0.179693
    0.179693
    0.179693
    0.172715
    0.172715
    0.179693
    0.172715
    0.179693
    0.179693
    0.172715
    0.172715
    0.172715
