    0.758200
    0.758200
    0.758200
    0.758200
    0.758200
    0.758200
    0.758200
    0.848221
    0.758200
    0.758200
    0.758200
    0.758200
    0.758200
    0.758200
    0.758200
    0.758200
    0.758200
    0.758200
    0.758200
    0.758200
    0.758200
    0.758200
    0.758200
    0.758200
    0.758200
    0.758200
    0.758200
    0.758200
    0.758200
    0.758200
    0.758200
    0.758200
    0.758200
    0.758200
    0.758200
    0.758200
    0.758200
    0.758200
    0.758200
    0.758200
    0.758200
    0.758200
    0.758200
    0.742847
    0.846127
    0.742847
    0.742847
    0.742847
    0.742847
    0.742847
    0.742847
    0.742847
    0.742847
    0.742847
    0.742847
    0.742847
    0.742847
    0.742847
    0.742847
    0.742847
    0.742847
    0.742847
    0.742847
    0.742847
    0.742847
    0.742847
    0.742847
    0.742847
    0.742847
    0.742847
    0.742847
    0.742847
    0.742847
    0.742847
    0.742847
    0.742847
    0.742847
    0.742847
    0.742847
    0.742847
    0.742847
    0.742847
    0.742847
    0.742847
    0.742847
    0.742847
    0.742847
    0.846127
    0.846127
    0.846127
    0.742847
    0.846127
    0.742847
    0.846127
    0.742847
    0.846127
    0.742847
    0.742847
    0.742847
    0.742847
