    0.747732
    0.747732
    0.844731
    0.747732
    0.747732
    0.747732
    0.747732
    0.747732
    0.747732
    0.747732
    0.747732
    0.747732
    0.747732
    0.747732
    0.844731
    0.747732
    0.747732
    0.747732
    0.747732
    0.747732
    0.747732
    0.747732
    0.747732
    0.747732
    0.747732
    0.747732
    0.747732
    0.747732
    0.747732
    0.747732
    0.747732
    0.747732
    0.747732
    0.747732
    0.747732
    0.747732
    0.747732
    0.747732
    0.747732
    0.747732
    0.747732
    0.747732
    0.747732
    0.747732
    0.747732
    0.747732
    0.747732
    0.747732
    0.747732
    0.747732
    0.747732
    0.747732
    0.747732
    0.747732
    0.747732
    0.844731
    0.747732
    0.747732
    0.747732
    0.747732
    0.747732
    0.747732
    0.747732
    0.747732
    0.747732
    0.747732
    0.747732
    0.747732
    0.747732
    0.747732
    0.747732
    0.747732
    0.747732
    0.747732
    0.747732
    0.747732
    0.747732
    0.747732
    0.747732
    0.747732
    0.747732
    0.747732
    0.747732
    0.747732
    0.747732
    0.747732
    0.747732
    0.747732
    0.747732
    0.747732
    0.747732
    0.747732
    0.747732
    0.747732
    0.747732
    0.747732
    0.747732
    0.747732
    0.747732
    0.747732
