    0.630844
    0.630844
    0.630844
    0.630844
    0.630844
    0.630844
    0.630844
    0.630844
    0.630844
    0.630844
    0.630844
    0.630844
    0.630844
    0.630844
    0.630844
    0.630844
    0.630844
    0.630844
    0.630844
    0.630844
    0.630844
    0.630844
    0.630844
    0.974878
    0.630844
    0.630844
    0.630844
    0.630844
    0.630844
    0.630844
    0.630844
    0.630844
    0.630844
    0.630844
    0.630844
    0.630844
    0.630844
    0.630844
    0.630844
    0.630844
    0.630844
    0.644801
    0.644801
    0.644801
    0.644801
    0.644801
    0.644801
    0.644801
    0.644801
    0.644801
    0.644801
    0.644801
    0.644801
    0.644801
    0.644801
    0.644801
    0.644801
    0.644801
    0.644801
    0.644801
    0.644801
    0.644801
    0.644801
    0.644801
    0.644801
    0.644801
    0.644801
    0.644801
    0.644801
    0.630844
    0.630844
    0.630844
    0.630844
    0.630844
    0.644801
    0.644801
    0.644801
    0.644801
    0.644801
    0.644801
    0.644801
    0.644801
    0.644801
    0.644801
    0.644801
    0.644801
    0.644801
    0.644801
    0.644801
    0.644801
    0.644801
    0.644801
    0.644801
    0.644801
    0.644801
    0.644801
    0.644801
    0.644801
    0.644801
    0.644801
