    0.718423
    0.718423
    0.718423
    0.718423
    0.718423
    0.718423
    0.718423
    0.718423
    0.718423
    0.793091
    0.718423
    0.718423
    0.718423
    0.718423
    0.718423
    0.718423
    0.718423
    0.718423
    0.718423
    0.718423
    0.718423
    0.718423
    0.718423
    0.718423
    0.718423
    0.718423
    0.718423
    0.791696
    0.718423
    0.791696
    0.718423
    0.718423
    0.718423
    0.718423
    0.718423
    0.793091
    0.793091
    0.793091
    0.793091
    0.718423
    0.718423
    0.718423
    0.791696
    0.718423
    0.791696
    0.718423
    0.791696
    0.718423
    0.718423
    0.718423
    0.718423
    0.718423
    0.718423
    0.718423
    0.718423
    0.791696
    0.718423
    0.718423
    0.718423
    0.718423
    0.718423
    0.718423
    0.718423
    0.718423
    0.718423
    0.718423
    0.718423
    0.718423
    0.793091
    0.718423
    0.718423
    0.718423
    0.718423
    0.718423
    0.718423
    0.718423
    0.718423
    0.791696
    0.793091
    0.718423
    0.718423
    0.718423
    0.718423
    0.718423
    0.718423
    0.718423
    0.718423
    0.718423
    0.718423
    0.710747
    0.710747
    0.710747
    0.710747
    0.710747
    0.710747
    0.795185
    0.710747
    0.710747
    0.710747
    0.710747
