    0.614096
    0.614096
    0.614096
    0.614096
    0.591766
    0.591766
    0.591766
    0.591766
    0.591766
    0.591766
    0.591766
    0.591766
    0.591766
    0.591766
    0.591766
    0.591766
    0.591766
    0.591766
    0.591766
    0.591766
    0.591766
    0.591766
    0.591766
    0.591766
    0.591766
    0.614096
    0.614096
    0.614096
    0.591766
    0.614096
    0.614096
    0.614096
    0.614096
    0.614096
    0.614096
    0.574320
    0.574320
    0.574320
    0.574320
    0.574320
    0.574320
    0.574320
    0.574320
    0.574320
    0.574320
    0.574320
    0.574320
    0.574320
    0.574320
    0.574320
    0.574320
    0.574320
    0.574320
    0.574320
    0.574320
    0.574320
    0.574320
    0.574320
    0.574320
    0.574320
    0.574320
    0.574320
    0.574320
    0.574320
    0.574320
    0.574320
    0.574320
    0.574320
    0.574320
    0.574320
    0.574320
    0.574320
    0.574320
    0.574320
    0.574320
    0.574320
    0.574320
    0.574320
    0.574320
    0.574320
    0.574320
    0.574320
    0.574320
    0.574320
    0.574320
    0.574320
    0.574320
    0.574320
    0.574320
    0.574320
    0.574320
    0.574320
    0.574320
    0.574320
    0.574320
    0.574320
    0.574320
    0.574320
    0.574320
    0.571528
