    0.593859
    0.593859
    0.593859
    0.570830
    0.570830
    0.593859
    0.593859
    0.593859
    0.570830
    0.570830
    0.593859
    0.570830
    0.593859
    0.570830
    0.593859
    0.593859
    0.570830
    0.570830
    0.593859
    0.570830
    0.570830
    0.570830
    0.593859
    0.570830
    0.570830
    0.570830
    0.570830
    0.570830
    0.570830
    0.570830
    0.593859
    0.593859
    0.593859
    0.570830
    0.570830
    0.570830
    0.570830
    0.570830
    0.570830
    0.593859
    0.570830
    0.570830
    0.593859
    0.570830
    0.570830
    0.570830
    0.570830
    0.570830
    0.570830
    0.570830
    0.570830
    0.570830
    0.570830
    0.570830
    0.570830
    0.570830
    0.593859
    0.593859
    0.570830
    0.593859
    0.570830
    0.593859
    0.593859
    0.570830
    0.570830
    0.570830
    0.570830
    0.570830
    0.570830
    0.570830
    0.570830
    0.570830
    0.570830
    0.593859
    0.570830
    0.593859
    0.570830
    0.593859
    0.593859
    0.593859
    0.570830
    0.593859
    0.593859
    0.593859
    0.593859
    0.593859
    0.593859
    0.593859
    0.593859
    0.593859
    0.593859
    0.570830
    0.593859
    0.593859
    0.593859
    0.570830
    0.593859
    0.595255
    0.561061
    0.595255
