    0.686671
    0.686671
    0.686671
    0.686671
    0.686671
    0.686671
    0.686671
    0.686671
    0.686671
    0.686671
    0.686671
    0.686671
    0.686671
    0.686671
    0.686671
    0.686671
    0.686671
    0.686671
    0.686671
    0.686671
    0.686671
    0.686671
    0.686671
    0.686671
    0.686671
    0.686671
    0.686671
    0.686671
    0.686671
    0.686671
    0.686671
    0.686671
    0.686671
    0.686671
    0.686671
    0.686671
    0.686671
    0.686671
    0.686671
    0.686671
    0.686671
    0.686671
    0.686671
    0.686671
    0.686671
    0.686671
    0.686671
    0.686671
    0.686671
    0.686671
    0.686671
    0.686671
    0.686671
    0.686671
    0.686671
    0.686671
    0.686671
    0.686671
    0.686671
    0.686671
    0.686671
    0.686671
    0.686671
    0.686671
    0.686671
    0.686671
    0.686671
    0.686671
    0.686671
    0.686671
    0.686671
    0.686671
    0.686671
    0.686671
    0.686671
    0.686671
    0.686671
    0.686671
    0.686671
    0.686671
    0.686671
    0.669923
    0.669923
    0.669923
    0.669923
    0.669923
    0.669923
    0.669923
    0.669923
    0.669923
    0.669923
    0.669923
    0.669923
    0.669923
    0.669923
    0.669923
    0.669923
    0.669923
    0.686671
    0.669923
