    0.412421
    0.412421
    0.412421
    0.412421
    0.412421
    0.412421
    0.412421
    0.412421
    0.412421
    0.431263
    0.431263
    0.412421
    0.431263
    0.431263
    0.431263
    0.431263
    0.412421
    0.412421
    0.412421
    0.412421
    0.412421
    0.412421
    0.412421
    0.412421
    0.412421
    0.412421
    0.412421
    0.412421
    0.412421
    0.412421
    0.412421
    0.412421
    0.412421
    0.412421
    0.412421
    0.412421
    0.412421
    0.412421
    0.412421
    0.412421
    0.412421
    0.412421
    0.412421
    0.412421
    0.412421
    0.412421
    0.412421
    0.412421
    0.412421
    0.412421
    0.412421
    0.412421
    0.412421
    0.412421
    0.412421
    0.412421
    0.412421
    0.412421
    0.412421
    0.412421
    0.412421
    0.412421
    0.412421
    0.412421
    0.412421
    0.412421
    0.412421
    0.412421
    0.412421
    0.412421
    0.412421
    0.412421
    0.412421
    0.412421
    0.412421
    0.412421
    0.412421
    0.412421
    0.412421
    0.412421
    0.412421
    0.412421
    0.412421
    0.412421
    0.412421
    0.412421
    0.412421
    0.412421
    0.412421
    0.412421
    0.412421
    0.412421
    0.412421
    0.424285
    0.424285
    0.424285
    0.424285
    0.424285
    0.424285
    0.424285
