    0.162247
    0.162247
    0.160154
    0.160154
    0.160154
    0.160154
    0.160154
    0.160154
    0.162247
    0.162247
    0.160154
    0.160154
    0.162247
    0.160154
    0.162247
    0.162247
    0.162247
    0.160154
    0.162247
    0.162247
    0.160154
    0.160154
    0.160154
    0.162247
    0.160154
    0.160154
    0.160154
    0.164341
    0.160154
    0.160154
    0.160154
    0.160154
    0.164341
    0.164341
    0.160154
    0.164341
    0.160154
    0.160154
    0.160154
    0.164341
    0.164341
    0.160154
    0.160154
    0.160154
    0.164341
    0.164341
    0.160154
    0.164341
    0.160154
    0.160154
    0.160154
    0.160154
    0.160154
    0.164341
    0.164341
    0.160154
    0.160154
    0.164341
    0.164341
    0.160154
    0.164341
    0.164341
    0.164341
    0.160154
    0.160154
    0.160154
    0.160154
    0.160154
    0.164341
    0.160154
    0.160154
    0.160154
    0.164341
    0.160154
    0.160154
    0.160154
    0.160154
    0.160154
    0.160154
    0.160154
    0.164341
    0.160154
    0.164341
    0.160154
    0.160154
    0.160154
    0.160154
    0.164341
    0.160154
    0.160154
    0.160154
    0.160154
    0.160154
    0.160154
    0.164341
    0.160154
    0.160154
    0.164341
    0.160154
    0.160154
