    0.592463
    0.592463
    0.854850
    0.592463
    0.592463
    0.592463
    0.592463
    0.854850
    0.854850
    0.592463
    0.854850
    0.854850
    0.854850
    0.592463
    0.592463
    0.592463
    0.854850
    0.592463
    0.592463
    0.592463
    0.592463
    0.854850
    0.592463
    0.592463
    0.592463
    0.592463
    0.592463
    0.592463
    0.592463
    0.592463
    0.592463
    0.592463
    0.592463
    0.592463
    0.592463
    0.592463
    0.592463
    0.592463
    0.592463
    0.592463
    0.592463
    0.592463
    0.592463
    0.854850
    0.592463
    0.592463
    0.592463
    0.592463
    0.592463
    0.592463
    0.854850
    0.854850
    0.854850
    0.854850
    0.592463
    0.592463
    0.592463
    0.592463
    0.854850
    0.854850
    0.592463
    0.592463
    0.592463
    0.592463
    0.592463
    0.854850
    0.592463
    0.592463
    0.854850
    0.592463
    0.592463
    0.854850
    0.854850
    0.592463
    0.854850
    0.854850
    0.592463
    0.854850
    0.592463
    0.592463
    0.592463
    0.592463
    0.592463
    0.592463
    0.592463
    0.592463
    0.592463
    0.592463
    0.592463
    0.854850
    0.592463
    0.592463
    0.854850
    0.592463
    0.854850
    0.854850
    0.854850
    0.854850
    0.854850
    0.592463
