    0.747034
    0.747034
    0.747034
    0.747034
    0.747034
    0.847523
    0.747034
    0.747034
    0.747034
    0.847523
    0.747034
    0.747034
    0.747034
    0.747034
    0.747034
    0.747034
    0.747034
    0.847523
    0.747034
    0.747034
    0.747034
    0.747034
    0.747034
    0.747034
    0.847523
    0.847523
    0.747034
    0.747034
    0.847523
    0.747034
    0.747034
    0.847523
    0.747034
    0.747034
    0.747034
    0.747034
    0.747034
    0.747034
    0.747034
    0.747034
    0.747034
    0.747034
    0.747034
    0.747034
    0.747034
    0.747034
    0.747034
    0.747034
    0.747034
    0.747034
    0.747034
    0.747034
    0.847523
    0.747034
    0.747034
    0.747034
    0.747034
    0.747034
    0.747034
    0.747034
    0.747034
    0.747034
    0.747034
    0.747034
    0.747034
    0.747034
    0.747034
    0.747034
    0.747034
    0.747034
    0.747034
    0.747034
    0.747034
    0.747034
    0.747034
    0.747034
    0.747034
    0.747034
    0.747034
    0.747034
    0.747034
    0.747034
    0.747034
    0.747034
    0.747034
    0.747034
    0.747034
    0.747034
    0.747034
    0.747034
    0.747034
    0.747034
    0.747034
    0.847523
    0.747034
    0.847523
    0.747034
    0.747034
    0.747034
    0.747034
